gene	logFC	logCPM	PValue	FDR
1	SMC4	-2.60983221642488	8.61536428835363	2.00313916419489e-44	2.53537324012148e-40
2	MID2	6.91327502182462	2.40555452272714	9.12517674475367e-32	5.77486810291736e-28
3	SELENOM	3.42723742942712	4.43371521860952	4.55545627167265e-29	1.92194700101869e-25
4	AUTS2	-3.95737540948481	7.01828127946742	7.7952984395146e-27	2.46662730872341e-23
5	CDCA7	-3.6219230920266	4.78707032579054	1.18525925824736e-26	3.00036528632736e-23
6	KIF21A	3.86328453934248	3.32125185028285	3.04278673615838e-26	6.41875861992611e-23
7	CACNA1I	2.64792559536433	7.87399861349379	1.81965324611871e-25	3.29019301944636e-22
8	CDC14B	3.6098857772449	4.30563808063484	2.4726906388829e-25	3.91210567704261e-22
9	RAB11FIP5	3.24040607274062	4.33585483460164	2.7605980326236e-24	3.88232103321299e-21
10	ZNF154	-2.56837342532768	5.38293642966834	8.34913533169547e-24	1.0567500589327e-20
11	RADX	3.98497430258659	2.90610708603928	1.27261818204088e-23	1.46432075728104e-20
12	HPGD	-3.94621774122592	3.56579902493231	2.15590782690237e-23	2.27394378042528e-20
13	BCL11A	-4.39552423284862	5.74434245610442	2.03341887177037e-22	1.97976789692289e-19
14	ARHGAP32	-2.07703301384582	5.94090765658745	1.42689053922789e-21	1.29001096821481e-18
15	MPP2	4.56772889315505	2.90960713151076	4.66245466962772e-21	3.93417925023187e-18
16	KIAA0408	8.21128911948993	1.26950904098501	8.69074399689554e-21	6.87492167304418e-18
17	FCHSD1	2.53068252713301	6.26091153019141	1.37497112253008e-19	1.02370644105077e-16
18	SERPINF1	-3.58651424125614	5.74157996796335	1.34086505351816e-18	9.42851610132184e-16
19	ZBTB38	2.51455556452149	5.77020729439719	1.45719985849755e-17	9.70725189947551e-15
20	PRRT1	3.0126682197337	3.25316634085638	1.67161874150531e-17	1.05788392056163e-14
21	DNAJC14	-8.90882179167534	0.711072164064788	2.79009109293132e-17	1.68162776015389e-14
22	IGF2BP3	-3.92733918322134	3.39209390845979	3.0762959553156e-17	1.73185363861904e-14
23	RIC3	3.35124563339948	4.68223684427348	3.14708332845366e-17	1.73185363861904e-14
24	ACSL6	1.6519586186483	6.10410240937455	3.44489723386132e-17	1.79647735674455e-14
25	TSHZ2	5.05671937735358	2.03938372914123	3.54838697310688e-17	1.79647735674455e-14
26	SLC45A1	6.20909210066197	0.372699779806993	7.85175224751718e-17	3.82229339218558e-14
27	LONRF3	6.31556223851376	0.754564258927277	1.80129650609435e-16	8.44407773245782e-14
28	KIF5C	4.42408623807689	3.04860282113185	1.86975299507232e-16	8.45195130665368e-14
29	ANKRD18A	3.63896624980768	2.42099564438043	2.46278947351845e-16	1.07488021952838e-13
30	YBX3	-2.19742679875819	5.70084154457774	3.19323807502456e-16	1.34722714385286e-13
31	PLEKHB1	2.12068305039436	6.4898949580299	9.75284967231217e-16	3.98199413878887e-13
32	CAMK2N1	7.90555974026499	0.209104265196422	1.10314645400264e-15	4.36328895884733e-13
33	SLC25A4	4.50456330629545	2.26473998830546	3.14825990545295e-15	1.20750077646418e-12
34	IFNE	5.98914019308452	0.211609868227856	5.06926953899226e-15	1.88711013397133e-12
35	NEO1	3.53967654219978	4.01601979940035	9.79553948157275e-15	3.54234694909332e-12
36	TRPC1	3.83928202759721	2.64015318741596	2.45158272630283e-14	8.61935626855969e-12
37	ZNF704	-3.48521837819506	3.91662652919955	3.82672928185812e-14	1.30905168974266e-11
38	NAALADL1	2.50353957325559	3.84010545609257	1.50580631825159e-13	5.01552383423956e-11
39	RGMB	1.85961008499409	5.76997429500141	1.54984100590875e-13	5.02983015686846e-11
40	RNF175	3.73420410212278	3.98192198244793	3.1082414719132e-13	9.83525307750134e-11
41	CNRIP1	-3.85732190224511	2.06226856997738	5.960425099143e-13	1.84002684097202e-10
42	AIF1	-2.6157465433741	5.6879232697319	6.46717957167419e-13	1.94893075806382e-10
43	DHRS7	2.03853550269425	4.93708285026119	1.16718052128261e-12	3.43558229252882e-10
44	NACC2	2.5842359799629	4.42704982548995	1.27124019838313e-12	3.65683799793984e-10
45	MMP28	3.22672690752789	4.59752038758375	1.38202482992288e-12	3.8408872129978e-10
46	LSP1	-1.28469564510808	7.21930819106599	1.40384620993906e-12	3.8408872129978e-10
47	GP5	2.6200732900116	2.72943515206606	1.42625976938371e-12	3.8408872129978e-10
48	KALRN	3.24753778269014	2.84001549279302	2.36442625318729e-12	6.23469647637324e-10
49	TMEM62	2.15080256177336	3.58328424255795	2.62780195279292e-12	6.78777332989796e-10
50	RAI2	7.58931347795032	0.904335261335288	3.01732397252654e-12	7.63805390405369e-10
51	SEL1L3	1.70175324137828	6.27023238896486	3.60480661602676e-12	8.94628183118641e-10
52	KANK1	1.81053024890364	4.7292331522064	6.94336764579323e-12	1.69004239024625e-09
53	TARBP1	-1.25530403055044	7.70942107970997	9.78930774954932e-12	2.33779751294426e-09
54	BMF	-2.58439066444935	5.29288523393192	1.22327378696895e-11	2.85437093175278e-09
55	GLS2	4.64988638046068	1.75400683307003	1.24034448326146e-11	2.85437093175278e-09
56	ZNF418	-2.6729964079126	3.32669221049958	1.65593971132607e-11	3.74271945111679e-09
57	SCARF2	-4.59058122043865	1.64784562462066	1.73484498423302e-11	3.85226894130479e-09
58	PATJ	1.63140874594013	5.63479815893704	3.01685293056046e-11	6.58350130036272e-09
59	MOCS1	5.40589427451342	1.14799384797284	4.452663014191e-11	9.55209419840941e-09
60	VGLL4	-1.45558587226324	6.90919845190321	5.57498717723717e-11	1.17604354503818e-08
61	ZC3H12D	1.6722219324354	4.83775955551469	6.12978926514315e-11	1.2718810283429e-08
62	ZFR2	4.29763697628998	-0.0686368189820453	7.97813950836676e-11	1.62869857673223e-08
63	ZNRF1	-2.31119786082412	4.19553458597045	9.29341194787711e-11	1.86709071467112e-08
64	ABTB3	-1.52380470354374	5.70760274863293	9.69886093768283e-11	1.91810129512893e-08
65	TP53I3	-3.91387746082009	1.01955467887275	1.09647652012529e-10	2.13509281772705e-08
66	JAG2	-2.941259552377	1.88094103295993	2.57059048362711e-10	4.92969147746489e-08
67	SLC22A17	2.84273499340322	4.06843696686771	2.67544518177488e-10	5.03971025023592e-08
68	EDA	3.63277143134384	1.42219618358726	2.7075949831401e-10	5.03971025023592e-08
69	EVA1C	2.54770484203781	3.03240770757177	3.22352320443821e-10	5.91306278240208e-08
70	GSTM3	2.76063184859189	5.39952579802183	4.60368888719385e-10	8.32412717788751e-08
71	LSR	2.85170224778376	4.96838337674436	5.03863452094022e-10	8.98225311711836e-08
72	TJP3	1.98778766585425	5.47989148842654	5.21905618630152e-10	9.17466585416921e-08
73	CYRIA	-3.57417218803924	4.10035740803764	5.31834431086915e-10	9.22113478666724e-08
74	ZFYVE9	5.0537054182877	1.05197946155135	5.60178695684703e-10	9.58132669092066e-08
75	KRT18	2.2914149543553	3.08657571674	6.60799515569816e-10	1.11516526247562e-07
76	HERC5	2.85487093137591	3.20204776471213	7.2729987735185e-10	1.21124138784768e-07
77	CASP4LP	2.61708083609275	1.78494699395276	8.83457882774386e-10	1.45219823665914e-07
78	EVA1A	-5.0649576515215	1.79318832532713	9.43904309860752e-10	1.53166626280866e-07
79	NRP2	-4.00154966052288	3.10754130776627	1.25792865387673e-09	2.01539278128073e-07
80	INSR	-2.13577846309673	3.90319787863182	1.45829420413155e-09	2.30720371771163e-07
81	ELAPOR1	2.06343907197368	3.49438512535207	1.69401332578656e-09	2.64705267462722e-07
82	CD84	2.20624223007159	6.00496513297851	2.67882125249104e-09	4.1348586088755e-07
83	TMEM183BP	-7.84706048712351	-0.261695595984778	3.19416514258575e-09	4.87090942285637e-07
84	GNAI1	-2.03146607524031	4.33079370291507	3.55631650148061e-09	5.35860689990954e-07
85	BZW2	-1.73397614239135	5.89244424812205	3.63748038547049e-09	5.4164222634e-07
86	HEMGN	-1.51889024087866	5.05076835018096	4.13729620164557e-09	6.08904163072418e-07
87	PTPRD	-5.59638671190269	0.430611478661738	4.40624146635465e-09	6.41032163674147e-07
88	GPR146	-1.47416961198484	5.42069006899733	4.99128266861408e-09	7.13859499655213e-07
89	FGFBP2	-3.6490299665571	2.96165188985034	5.06886786241409e-09	7.13859499655213e-07
90	ACSM1	3.69945569973477	0.166133309174163	5.07603341779009e-09	7.13859499655213e-07
91	LCN10	3.15495698021126	1.65977342462997	5.60085709189976e-09	7.79011518815112e-07
92	CBX2	-5.38004986075372	-0.489261883822675	6.21612687081752e-09	8.55190410912362e-07
93	TOX2	-2.76755477382931	2.43582228057329	6.40088840216052e-09	8.64862579317921e-07
94	KRTAP5-1	3.63083153028537	0.00862714384862125	6.42309255399262e-09	8.64862579317921e-07
95	CCL5	4.02371918851732	5.20071533158248	6.66587631096793e-09	8.88105225978116e-07
96	MMRN1	-4.7488185720982	0.53890801363666	7.53041622043309e-09	9.92838313562726e-07
97	ACACB	1.75733089280129	5.300202048288	7.62189426150453e-09	9.94539336782091e-07
98	KDM5B	-1.35636904957162	7.20993786635066	7.97029185594608e-09	1.02938759204806e-06
99	CASP1P2	3.26520570233512	-0.220567437891339	8.30931233235867e-09	1.06233299182489e-06
100	IFT80	-1.04055273615317	6.63415933999333	9.15996439599112e-09	1.1593766936006e-06
101	SREBF2	1.36159638364392	6.10006163903706	9.94355712520325e-09	1.24609507459106e-06
102	CDK6	-1.75188316791979	6.62300032821781	1.08624021637106e-08	1.34789631554985e-06
103	CAPN2	1.54696965343411	7.2767436752995	1.12329249426785e-08	1.38034107766487e-06
104	PARD3	-6.08484300962157	2.50659967794667	1.15040902210346e-08	1.40006990315034e-06
105	LMO4	-1.38948112598431	5.09831760519534	1.3195391026461e-08	1.59061013544683e-06
106	EMID1	-8.92507151790577	0.773629920063255	1.44523795347645e-08	1.72569592237277e-06
107	DBN1	-1.69928451705851	4.10624553279827	1.48309649212856e-08	1.73906049997817e-06
108	PPP4R4	4.85655352418318	-1.15945094887037	1.48391035788609e-08	1.73906049997817e-06
109	PRDM1	2.77358080487685	3.33301214158741	1.65087036179429e-08	1.89984504117275e-06
110	GZMH	10.108071227432	1.80470292066922	1.65112549995262e-08	1.89984504117275e-06
111	FBLN2	-3.89635443133067	0.797663067406229	1.77237005767756e-08	2.02098088468693e-06
112	IGHA1	10.4794275288042	7.77278756000931	2.15729938489879e-08	2.43596644955828e-06
113	PHGDH	-1.46745293856885	4.34119349247925	2.17479820494655e-08	2.43596644955828e-06
114	COTL1	-1.21640142191874	7.39858329564585	2.26301086022998e-08	2.51253758402902e-06
115	SLFN14	2.54771839951006	2.86035663144313	2.32629029461314e-08	2.56033532686248e-06
116	LMTK3	2.68838765729029	3.38793115843716	2.36231014654677e-08	2.57756547627953e-06
117	LDLRAD4	-1.19192742000358	5.79899706295479	3.08122417613611e-08	3.28906492881772e-06
118	FES	-3.38106012232403	2.04172634051199	3.0923498975216e-08	3.28906492881772e-06
119	LARGE2	3.04158424434559	1.10741564468474	3.16825360083732e-08	3.34171548548317e-06
120	NT5C3B	1.19378960226231	5.37409681895834	3.22325768058939e-08	3.34885608385136e-06
121	HFM1	-4.55333094331085	-0.471477050275753	3.22794060385451e-08	3.34885608385136e-06
122	TNS2	2.75584350897788	1.01782182982977	3.33993467448104e-08	3.40357150553536e-06
123	PALM2AKAP2	-1.63589490451223	5.99791425190587	3.351766684892e-08	3.40357150553536e-06
124	IGFBP2	-7.61265256154676	7.45837129127677	3.49685534772987e-08	3.51267445525532e-06
125	KLRC4-KLRK1	-2.05043246145357	2.80387201601908	3.57076604653565e-08	3.55867605125998e-06
126	ZNF711	-3.10551650288614	4.37151924866437	3.78933069685137e-08	3.74699676797248e-06
127	HID1	2.33686331739076	2.02844880727409	3.97140194964814e-08	3.89659181989895e-06
128	SERPINB6	1.91212972163294	6.20840051644653	4.16568756138581e-08	4.05577749726617e-06
129	HSBP1L1	1.18496550704686	5.4101122630514	4.42174724360148e-08	4.2722179284171e-06
130	HK2	-4.45748806585826	7.09377672501431	4.46657320772846e-08	4.2828346280469e-06
131	OLFM2	-1.76313855175148	5.42738715558146	4.65731993087244e-08	4.43215777180845e-06
132	BAALC	-4.11058980714529	2.21720159783511	4.84430728144647e-08	4.57570128815433e-06
133	CEACAM4	4.63770771260913	1.97752136856977	4.92374652094663e-08	4.61628590486085e-06
134	MFAP2	-6.51330379375664	0.493888210384048	5.11637909324915e-08	4.76161839582754e-06
135	NREP	-2.15004650348245	2.91549229878583	5.19969914277816e-08	4.80383883577688e-06
136	ABCA3	2.34617427613431	2.90453230905696	5.5000620306031e-08	5.0445134145901e-06
137	IQCE	-2.1173654494612	3.24378500747149	5.89602915343333e-08	5.36877992769825e-06
138	NR3C2	5.48543676923785	4.50012385450886	6.51254674971203e-08	5.88780744365037e-06
139	TNS1	-4.09117810980448	2.74881745006019	6.6632688185382e-08	5.98134705221547e-06
140	GBP5	2.37965460759964	5.38429341900415	7.38280223611395e-08	6.5805723874996e-06
141	TSPYL2	1.09904674718626	8.02906724349623	7.83193309189179e-08	6.93208231776744e-06
142	TRH	-3.98491349891756	0.834774526180688	8.0425857872218e-08	7.06909779922683e-06
143	SLC45A3	-3.00810788876355	2.1565710152718	8.14235531580351e-08	7.10743387807759e-06
144	RPL23AP42	-3.07687143142851	3.26424374733491	9.15386528442533e-08	7.93564882910763e-06
145	EML5	2.72577933580853	1.8669143343543	1.00729876701636e-07	8.67304795518781e-06
146	KLHL3	-1.60735027229623	6.57010768702846	1.12723205125588e-07	9.64011896807137e-06
147	PDE6G	-3.94769331540964	1.86094109315029	1.15389527290117e-07	9.80191440879874e-06
148	FAM184A	1.36464784199702	4.20823466869703	1.24372740128993e-07	1.04945718120844e-05
149	RELL2	1.50287698616358	5.1454319765556	1.31797626781846e-07	1.10474341866081e-05
150	PCGF3	-1.33456505002403	6.3929113264387	1.46331094935469e-07	1.21849517670936e-05
151	SEPTIN10	3.46032119608781	-0.299938015463319	1.47333295883533e-07	1.21882191241692e-05
152	LRP1	2.62798643634765	3.34053605336112	1.49556469199335e-07	1.22917937055583e-05
153	NF1	1.05293045572602	5.93336832073493	1.64536950672633e-07	1.3435768933313e-05
154	PAICS	-1.39834275386388	7.30312575931487	1.82450125033626e-07	1.48030207214782e-05
155	ZNF362	-1.18171919258067	5.83964368825766	1.94578879985561e-07	1.5686527923422e-05
156	MRC2	-2.42686141447068	2.85803335051384	2.06057753031004e-07	1.64812145780155e-05
157	WWC2	1.8496914563256	3.07993107267988	2.07040619254521e-07	1.64812145780155e-05
158	TMIGD2	-1.17127858707685	5.33002141862081	2.14187988875716e-07	1.69436085949996e-05
159	ZNF285	-2.05599507657625	3.52370175542313	2.16036702846046e-07	1.69837052665988e-05
160	RPL32P24	4.25863183720475	-0.473264571180266	2.20187161728458e-07	1.72031413950437e-05
161	EGFL7	-4.61908094657281	5.2759495594071	2.44996664760546e-07	1.89163375670217e-05
162	FCRL6	5.53464273104638	2.12859267503231	2.45103844591259e-07	1.89163375670217e-05
163	CDT1	-7.90379858094335	-0.127282311858687	2.5834685755374e-07	1.98175525821678e-05
164	GATA2	-3.89299953444669	4.37647923363241	2.75843647699679e-07	2.103224728274e-05
165	MGST2	-3.70217414307048	1.04523956595112	2.94297804358001e-07	2.21721863676144e-05
166	KDM7A	-1.71156819493076	8.23233686300683	2.96878856116845e-07	2.22342939755675e-05
167	PRAM1	-1.89444302494708	2.95432968153828	3.05515314643423e-07	2.27465137496577e-05
168	MICE	3.72609810966797	0.270150098025402	3.1040428792533e-07	2.29753629957362e-05
169	EFCC1	-2.91929460589266	1.33957745087815	3.36720448373916e-07	2.47783181108642e-05
170	TNNT3	-3.000840704237	4.19157115017543	3.48839363252397e-07	2.55217330675468e-05
171	ZNF608	-3.27648631099558	0.502160294634023	3.51536756382731e-07	2.55712685375645e-05
172	IGHG1	8.52667380706254	7.27581056391143	3.76270404732775e-07	2.72140257868728e-05
173	SGSM1	2.84783379675515	1.13165024591286	3.79583521554932e-07	2.72976626836408e-05
174	TTC7A	-1.03900713730646	5.52851260047305	4.18748945889472e-07	2.98535633916551e-05
175	SPTBN2	-4.87200757170713	0.671774857881714	4.19841533042159e-07	2.98535633916551e-05
176	MYCN	-3.14600501233758	2.97506246934386	4.39315274106179e-07	3.10637621472732e-05
177	SLAMF6	1.28172276010874	5.69298331328649	4.66695094315074e-07	3.26351370648944e-05
178	MAP3K21	2.18450309078314	1.40826811863584	4.70359470677646e-07	3.27106583536647e-05
179	TTC4P1	4.07203944900147	-0.747640512520571	5.39591031934812e-07	3.71174113652115e-05
180	SLC5A11	3.35974039248488	-0.0395177132613669	6.39451568132309e-07	4.37488567451386e-05
181	PCGF5	1.26307384050864	5.58131709429572	6.76214998740863e-07	4.60153399949629e-05
182	GCOM1	4.4886820257497	0.601483964494506	6.85547362066517e-07	4.63202272994901e-05
183	FLT4	2.05269798898829	1.8273986268333	6.9167440622609e-07	4.63202272994901e-05
184	ASNS	1.37098792412587	5.93264901510842	7.39518836058096e-07	4.92636310946701e-05
185	CALY	4.67886005926584	0.0965450181093499	8.60386857722765e-07	5.70152694146442e-05
186	SMIM24	-4.12771672969691	3.87736653864893	8.79056824899882e-07	5.7932162112212e-05
187	RPS24	-1.06778588236762	10.6159537222039	8.8337736332914e-07	5.7932162112212e-05
188	AASS	2.27232419673962	2.27920177808008	8.92490171480481e-07	5.82280829918992e-05
189	GSTK1	1.07240595411954	8.1812369576443	8.99046489185963e-07	5.83550328903935e-05
190	RCN3	-2.16506225068897	1.24173442960096	9.710883114669e-07	6.27095140726355e-05
191	EPOP	-3.31101981706562	2.33662848088668	1.02767016326087e-06	6.60265038395573e-05
192	BCL2	1.37099340285905	6.37380276752762	1.20972730891501e-06	7.73309017623095e-05
193	PDGFC	-4.03964355298935	1.35513871869223	1.26467349339087e-06	8.01405737529629e-05
194	AZU1	-2.5054140004827	2.62248745743096	1.26634390065518e-06	8.01405737529629e-05
195	RNF217	-2.8757770503389	1.96765009371123	1.39730026653328e-06	8.79882063358791e-05
196	ITM2A	-1.20760092625397	7.70752197467388	1.46032008542036e-06	9.15013431740869e-05
197	SH3BP4	-3.03646866285486	0.400555483680689	1.47275891472659e-06	9.18261555847015e-05
198	IGFBP3	5.44610465191327	1.92475265463	1.49260334526504e-06	9.26072575540176e-05
199	MAML3	-1.817628599245	3.67417407466078	1.51984004088914e-06	9.38371482806527e-05
200	TOMM20	1.18955374669363	5.07872558116079	1.55553846729957e-06	9.55750018476243e-05
201	IGHG2	9.49234509216456	6.79088092716076	1.62902036574858e-06	9.96063322187429e-05
202	STAT4	1.82339722728077	7.02517514587498	1.69283291470238e-06	0.000103010510583596
203	MMRN2	4.1565033259241	-1.02620932736045	1.74036581742521e-06	0.000105396220818904
204	TNFRSF21	-3.07216094429988	0.436659209459402	1.75806450280675e-06	0.000105961059104881
205	TUB	2.88775125499991	0.485397443036288	1.82585898612224e-06	0.000109525579086963
206	LDB2	-4.06070052292636	0.210039682075522	1.84197142004075e-06	0.000109970906903093
207	APOL3	1.05010341157647	6.3974033199943	1.88231251536084e-06	0.000111851781722639
208	PRSS16	2.93906196369782	-0.376833784931043	1.9050560244532e-06	0.000112674271502356
209	EOMES	2.73833280703366	3.42347933118746	1.97674813509422e-06	0.000116370703004128
210	SOCS2	-1.71171825862063	4.07002642250107	1.98943937311929e-06	0.000116575621044309
211	MEST	-1.4989990519054	4.03969616017215	2.15680049621781e-06	0.000125800110048981
212	PAQR4	-2.00195718394317	2.23946488994954	2.30397724474289e-06	0.000133768073333536
213	TGFBI	3.01433504181169	-0.229892632789823	2.35176462007325e-06	0.000135301294528487
214	HOXA9	-4.11396261187918	2.06048975107226	2.3667199471299e-06	0.00013554558538834
215	ADGRL2	-5.05385679439708	-0.0332145761530702	2.45246644318007e-06	0.000139196716463364
216	ALS2CL	-1.19025208241588	5.77982535013028	2.48913443351285e-06	0.000140647207700768
217	GAPT	-3.09045703189338	3.66996774963342	2.50212727481354e-06	0.000140752999632511
218	GZMK	3.6331868736246	-0.234264405407332	2.52005739153252e-06	0.000141134364622244
219	GUSBP13	2.33520820315062	0.169980773225904	2.55757241607345e-06	0.00014242372199553
220	TTC7B	-3.10023262883613	1.36421463746743	2.56558494232289e-06	0.00014242372199553
221	IGHA2	10.0066376752963	6.79901164504684	2.6023652783481e-06	0.000143406727007588
222	CPT1B	1.62627943465216	5.42573516115321	2.60595300716956e-06	0.000143406727007588
223	SPOCK3	-4.72995885520412	-0.276023537638928	2.64574442244601e-06	0.000144966178159736
224	RGPD1	2.01165613484628	3.42463065327331	2.75758784350466e-06	0.000149797379121195
225	TMEM200A	-4.44559718452296	0.253509895139234	2.84253757962606e-06	0.000153752128826184
226	P2RX1	-4.71108117653151	2.68929007712133	3.16942799799434e-06	0.00017070404327921
227	AFF3	-1.76038861347743	5.02971786977458	3.23609564332317e-06	0.000173556197277718
228	PTK7	-2.59204184580294	4.48452134079851	3.51807430892161e-06	0.000187882981130889
229	ST8SIA1	1.78039737310949	2.67005722766323	3.56119888169642e-06	0.000189386950611897
230	ZDBF2	-2.35434846479856	4.67093253141766	3.64669806806611e-06	0.000191615654712
231	ALOXE3	3.14672965650296	-0.86179645937029	3.64852435692439e-06	0.000191615654712
232	CCDC136	1.97718157006506	3.86775721923401	3.66663991536824e-06	0.000191771328135603
233	PJA1	1.19733306350444	5.01903187040413	3.74714790222829e-06	0.000194797777932742
234	TSPO	1.5746885123186	4.57680915498438	3.75528623019586e-06	0.000194797777932742
235	SPRY1	-2.05623874237577	2.70958472960774	3.79239159671088e-06	0.000195919593630896
236	DDAH2	-1.39514083044843	5.01514906238619	4.04691193059527e-06	0.000208218554087579
237	MGST3	1.17631040794447	5.36265623980012	4.37574206421682e-06	0.000223321642366098
238	LHFPL2	-2.02255498463355	2.8610591342697	4.40614838403442e-06	0.000223970361834232
239	OAT	2.09149905042138	2.81114643366625	4.47607561688368e-06	0.000226614756331587
240	WASF1	-2.70208026681013	3.34101076074064	4.67312980684533e-06	0.000235648621375463
241	CUTALP	2.51155681872087	6.58122314693448	4.88146457332072e-06	0.000245177369462383
242	CRIP2	2.43196713081604	3.62748953289547	4.98452800152095e-06	0.000249364311917987
243	ACSL5	2.15569573853527	1.34028261956857	5.17398572400876e-06	0.000257823375231413
244	STXBP6	-3.02866465460497	0.03940139169488	5.26180911727541e-06	0.000261171443126882
245	DLG3	1.61996762827454	3.56143170187489	5.51704297307531e-06	0.000272770362930524
246	ARAP3	1.64469444872691	2.73545342956435	5.71140016863256e-06	0.000280190666412334
247	ELANE	-3.28776085031033	2.38707386927764	5.84951073674111e-06	0.00028585813665997
248	TTC12	2.28193871856716	4.35631406872527	5.92157637668446e-06	0.000288265067205028
249	CDCA7L	-1.04372742217416	6.72417910581949	5.94431401916034e-06	0.000288265067205028
250	TRDC	-1.40345297872352	4.14890305668255	6.04927813796953e-06	0.00029223554729878
251	DAPK1	-3.95220986446158	4.95237197347567	6.19819264305514e-06	0.000296039714276033
252	FARSA	-1.18635531978232	5.42888492084527	6.61281569296839e-06	0.000314655670022184
253	TP53I13	1.16543618309402	4.86516150364546	6.79433824526729e-06	0.000322082169177334
254	MTHFD2	-1.51343019678502	4.11590761703268	6.8227345050987e-06	0.000322221457578486
255	IFI27L2	2.16635539383504	2.85940416981942	7.01530593317189e-06	0.000330084487718054
256	RGS1	-2.6020139818263	-0.0362883778686482	7.08196829567593e-06	0.000331986935993964
257	VEGFA	-7.28675326509435	7.07286022042563	7.47053481165926e-06	0.000348909812218344
258	BRD3OS	1.8116149552521	3.15567652209159	7.57537115223362e-06	0.000352505414241989
259	SPIN3	1.30640696640255	5.34668039041142	7.72488666477452e-06	0.000358146119106415
260	ZBP1	2.77945498430944	3.14032005445105	7.97870767346478e-06	0.000367223647356523
261	ARHGEF17	-4.04149947978708	1.89932268869725	8.2396537294982e-06	0.000377859772660357
262	VPS37D	-3.84926840483916	-0.659031775540164	8.65439021328315e-06	0.0003954462705037
263	MAGED4B	-1.88349416545512	3.08603597551882	8.76766149146461e-06	0.000397750148736443
264	SIAE	-2.64160411656272	4.07082637164938	8.91001028666071e-06	0.000402764286422374
265	FAM241B	2.8321489857772	-0.893298561672914	9.02547254796919e-06	0.0004045348104327
266	CSF3R	-1.6401039423049	2.1360809423033	9.24910419816698e-06	0.000410757585390174
267	AMPD2	-1.06978707849805	5.53988799153282	9.30339643290394e-06	0.000411724086193235
268	IL1RL1	-1.80555550697756	2.09601125352908	9.50761774489806e-06	0.000419295880826393
269	PPIP5K1	1.37816556279602	4.41094183278785	9.65120704872579e-06	0.000424150443110147
270	F5	3.34764499255347	0.75188946415491	9.87032892577749e-06	0.00043227942288431
271	COL6A4P2	-2.48494371725772	0.725702740668639	9.93117910976698e-06	0.00043344459997352
272	P3H3	2.78833619656774	2.93587892657565	1.01453005852088e-05	0.000441268280092739
273	AMPH	-2.19614256220928	1.47491283885218	1.04183749458245e-05	0.000451593738661989
274	RALGPS1	1.49659430696632	3.61458979784291	1.07086672997388e-05	0.000462592498337183
275	MAD1L1	-1.26001246733968	7.03120774940501	1.09895737670519e-05	0.000473112364522366
276	SAMD3	-1.0964990267999	6.59946831058905	1.10712211343116e-05	0.000475011681006716
277	TBXA2R	-1.41370568074449	3.23926995929636	1.12725164599386e-05	0.000482014327140011
278	PDE2A	2.56078167335356	-0.0964366210088207	1.18119054611795e-05	0.000503378072128449
279	POLE4	1.04386519499335	4.78834294321154	1.19747083536641e-05	0.000508603636350089
280	C1QTNF4	-3.98201936638188	-0.437877844576813	1.35913724593716e-05	0.000569622520590286
281	GRB10	-1.09055951791946	4.88147974056488	1.43687487081022e-05	0.000600215354450327
282	CDK2AP1	-1.23243041102891	4.33080875450897	1.44569139090683e-05	0.000601911708378543
283	FBP1	2.23880463974268	0.573745985640555	1.48448473963259e-05	0.00061402363887352
284	PCSK4	-1.84854026467347	2.54274933911142	1.51504209549128e-05	0.000624490062911013
285	IGKV1-9	6.62956187616203	1.54760284235494	1.52459057785813e-05	0.000624490062911013
286	C1orf162	1.03372279987196	6.16596995057144	1.57237564594219e-05	0.000641985759699686
287	FXYD6	-4.67709293884253	0.999180637414068	1.6220106831571e-05	0.000659176091959536
288	NSUN7	-3.02159949018003	-0.0874701413092885	1.62489484626195e-05	0.000659176091959536
289	RPAP2	-2.0384252261685	2.1765755686188	1.83187766889389e-05	0.000740769190261661
290	PFKFB3	-2.13082026559653	7.96999927470699	1.84333025795791e-05	0.000743026467355838
291	EEPD1	-1.66782939962918	1.96836765954338	1.85357674627153e-05	0.000744784789763768
292	METTL16	1.02454194863432	5.93998048940707	1.93532231377399e-05	0.000771129993118201
293	HPCAL4	1.83400105431035	5.71756229199181	2.03195383294681e-05	0.000804591984497563
294	IGLC3	4.79553455261948	5.46068656832315	2.03462078982472e-05	0.000804591984497563
295	PLCD1	1.00194704519517	5.8123007092885	2.04691964137011e-05	0.000804591984497563
296	MCTP1	-2.009992289792	2.74497447443961	2.06772487436038e-05	0.000810253675999361
297	JHY	1.74044580716034	2.19455855759752	2.10408312867891e-05	0.00082195617776818
298	RHOBTB1	-2.92768383800928	0.488090981451785	2.15841558884841e-05	0.000840586649478594
299	CYB561	3.040153990139	1.3161175950673	2.18828077930955e-05	0.000849603368825798
300	BTBD3	-2.05037126769125	3.81431398751968	2.29365427560182e-05	0.000887791503556339
301	SYTL4	-2.49542991563908	1.11754423015384	2.83050277664381e-05	0.00108892625057692
302	AFAP1L2	1.95885522782701	2.43026584736992	2.89984652075441e-05	0.00110552281365026
303	GNB3	2.63877129615479	1.52459741334473	2.98960048202739e-05	0.00113631751654717
304	ADAM23	-2.94887459126901	2.88141614981956	3.00985426558244e-05	0.00114059058202027
305	IGKV3D-20	4.3671790656108	-0.0822665618056944	3.21924550892799e-05	0.0012162982210896
306	IGHG4	7.05569907564816	4.86114880636527	3.36665524443241e-05	0.00126820700680896
307	SPNS2	-2.80279477721773	1.60765513849062	3.45830775485169e-05	0.00129886650602842
308	IL15RA	2.21555186827422	1.68624376303411	3.5060159733948e-05	0.00131288888092479
309	LDHA	-3.11150465590592	10.1677448847362	3.52962034683938e-05	0.001317829048081
310	MYL6B	-1.69701907248936	3.82819941483128	3.61327136432495e-05	0.00134509340171356
311	IFITM10	-2.71375410362844	0.0843676463907829	3.63609926120164e-05	0.00134962194571933
312	ZNF233	-1.52228462875546	2.83748074142425	3.68670674359444e-05	0.00136440489045833
313	KRTAP5-2	2.67960443964204	-0.222584655471176	3.7273202877176e-05	0.00137541378663678
314	JARID2	-1.16489452409244	5.89602011555435	3.74727469387896e-05	0.0013787574360589
315	ENO1	-2.85676079300701	11.0769864932182	3.93873386054652e-05	0.00144082527378432
316	NPR3	-3.69142828317958	3.50305105568443	4.0550602017978e-05	0.00147062742046289
317	PFN2	1.76944594428171	3.86042570603459	4.08184574030125e-05	0.00147611204385694
318	IQCA1	2.66847558318235	-0.0416684443939921	4.0943817783413e-05	0.00147642707032666
319	RFPL2	2.70378257672806	0.32589081986275	4.1612067080882e-05	0.00149626117341683
320	SVIP	1.1684182623764	4.38377130310829	4.28148057178014e-05	0.00152381601230695
321	WSB1	-1.05775035683002	8.2422359341657	4.28289542184589e-05	0.00152381601230695
322	CAND2	1.53768869786361	2.8684359601446	4.28599589461385e-05	0.00152381601230695
323	IGHV3-33	6.44162119979825	1.13250591226568	4.34015507142356e-05	0.00153091671549083
324	SSBP3	-1.22488995087178	4.84167150300228	4.40489233426515e-05	0.00154868672985539
325	MTMR11	2.39246799497718	0.343446190286801	4.53661920654137e-05	0.00158317333233369
326	S1PR5	5.59544765434636	0.924551011243017	4.54050659427296e-05	0.00158317333233369
327	PPFIA4	-4.11475664336221	5.18553771295188	4.55761359516085e-05	0.00158477239763601
328	CDC42EP3	1.06552804207874	5.57805825370893	4.58184024007321e-05	0.00158883155941388
329	ZNF660	-1.63880779924972	2.76881398142821	4.61261052991704e-05	0.00159513146112459
330	SCARF1	-2.09019219113295	2.84966656962898	4.74788200435568e-05	0.00163743712613433
331	RAPGEF3	-2.04477058144693	1.56310377650932	4.83588156076512e-05	0.00166325415528816
332	SNCA	-2.5003923951736	1.7602226006337	4.93927269725627e-05	0.00168963174403169
333	PROM1	-3.78192012916434	3.57743942040975	5.06251767398015e-05	0.00172248081181631
334	TAGLN2	-1.28415146372693	5.10438644159001	5.0996736751278e-05	0.00173047103769685
335	SLC5A2	2.23016709290859	1.76804846945061	5.2026391693831e-05	0.00175599477245018
336	TTYH3	-1.10180365039624	5.69504574300227	5.22105076249762e-05	0.00175752232715246
337	PRTN3	-4.09939407942575	2.1592544857766	5.24300852467313e-05	0.00176023233147978
338	ACTN1	-1.36790512975527	6.77445154661399	5.33819362591061e-05	0.00178273131195648
339	LDOC1	2.61782521782145	1.87582827834111	5.36548244360984e-05	0.00178712924444131
340	MYO18B	-3.89406006569681	1.93699338569144	5.39115525707429e-05	0.00178799844987654
341	RPS26	-1.95335211946116	8.24463879883124	5.40784064764779e-05	0.00178799844987654
342	CD8B	-2.53632465615399	0.997388233534697	5.43872484160913e-05	0.00178799844987654
343	ZNF600	1.06515945109692	5.63819822518883	5.60085959973996e-05	0.00183178501172891
344	PLAGL1	-1.45803525721438	3.99363662331626	5.63166129860244e-05	0.00183711177980441
345	BMPR1A	2.54783009463231	1.68099444624468	5.74060775028736e-05	0.00186783733407165
346	FGF11	-4.0621054929124	4.2111636942668	5.78372637163522e-05	0.00187557582439813
347	ARPP21	-3.64753092815656	-0.746666288903465	5.7940281847173e-05	0.00187557582439813
348	VAMP4	-1.87544725397045	2.17684198863574	6.32737798543242e-05	0.00202236422125298
349	UBA7	1.04431760863302	5.99337428407151	6.59245888942342e-05	0.002096501310639
350	MEX3B	-2.92776432935519	1.54698365503571	6.7455256128773e-05	0.00213980244817514
351	TUFT1	1.52882344320607	2.36680603461873	6.80095533191803e-05	0.00214739199047792
352	B3GAT1	3.16414946936507	0.935138597827771	6.80338301478743e-05	0.00214739199047792
353	CABLES1	-3.41419021143671	1.76263119544952	7.06255470025299e-05	0.00222365061793786
354	ZNF229	-2.31538858655232	3.06628277651005	7.27974054186271e-05	0.00228634431856964
355	ASIC1	-2.6340771359411	1.30256004758348	7.38514969631855e-05	0.00231370890362138
356	CCDC180	1.18859414463817	3.96826586544656	7.42419988179742e-05	0.00231875734029954
357	ZNF585B	1.48850692008036	2.52806446861714	7.68167312005934e-05	0.00238418403079093
358	H2AC6	-1.78801112527803	5.21421433953334	7.70900352285527e-05	0.00238418403079093
359	AMN	1.54590504724626	3.08735261923456	7.72312121849003e-05	0.00238418403079093
360	KANK2	-1.53601302760683	2.24345352371671	7.90329609052338e-05	0.00242694287947057
361	C21orf91	2.23404603653838	1.98457007950451	7.94537458577717e-05	0.00242694287947057
362	NPM2	-2.91989914316389	-0.27247591629324	7.957184190145e-05	0.00242694287947057
363	PFN1P6	2.92564647693696	-0.780337630124573	7.95750410824278e-05	0.00242694287947057
364	GRAMD1B	-1.30604834513457	4.3872361623801	7.99118006606803e-05	0.00243135495423613
365	TRIM59	-1.37059979432716	3.09807692436747	8.02415368876709e-05	0.00243281956516772
366	ADAMTS10	-1.25936578759807	7.12237739644486	8.03443610839937e-05	0.00243281956516772
367	CAMSAP3	-1.88732065436119	1.21837956870035	8.18280739609636e-05	0.00247183277356543
368	LRRN3	-1.43152062483932	10.0220701194897	8.25439380368597e-05	0.00248752053269651
369	SLC2A1	-1.55812821048185	7.08650675071778	8.39018611826564e-05	0.00252243671493796
370	PKD1P4	2.40660416285638	4.30555124609769	8.61312157694063e-05	0.0025772170165328
371	VWCE	-2.24189855198819	0.77516673687357	8.67076363471032e-05	0.00258834564444643
372	PTGIR	-2.26919539020223	2.85805622498378	8.84709238574504e-05	0.00262858329404636
373	MANEAL	1.94259813738987	0.489811267686247	8.90711881569588e-05	0.00264022020726611
374	GSE1	-1.08515369662439	5.90333523340489	9.00414862251955e-05	0.00266274554007547
375	PPFIA3	1.57930601909527	2.00955794539548	9.12313889125285e-05	0.00269164496378991
376	GAREM1	2.20574731328875	-0.287107733940646	9.19765529013177e-05	0.00270271031330528
377	ANKRD42	1.24826736031535	3.81703588296328	9.203351070827e-05	0.00270271031330528
378	BCAS4	1.33701805912295	4.5836507196953	9.41196922916379e-05	0.00275757626235014
379	TIMP2	-1.99249597758056	5.27007987090695	9.46839786513281e-05	0.00276770235055395
380	RPS6KL1	1.55973554624027	2.44868291857992	9.58791526943721e-05	0.00279618072731029
381	ANKRD33BP1	-2.59572880293474	1.3957120137752	9.74669324838884e-05	0.00283595164241052
382	JCHAIN	6.80582665634419	4.17342009218361	9.79177746365168e-05	0.00284253503113393
383	DOK3	-2.3540746557845	3.31518162009909	9.84813010824002e-05	0.00284550622457984
384	XKR6	1.54929272063863	2.29188815632903	9.86454623987169e-05	0.00284550622457984
385	HYI	1.1988293504943	4.65492455023668	9.90360016427086e-05	0.00284886061998128
386	LAG3	2.38722481684231	0.573061196349693	0.000100380346799122	0.002880984239085
387	RTKN	-2.97319807139877	0.107497910485595	0.000102498508504353	0.0029351213170579
388	PAWR	-2.03765055071485	1.70707114220113	0.00010415128926875	0.00296901546908687
389	GAS7	-2.05748660840545	2.51087966494393	0.000105768003665875	0.00300832724134603
390	EOGT	1.49811893515964	3.4968641155767	0.00010718342407448	0.003041750220876
391	PAK1	-1.64514424664652	4.74235222183971	0.000107772097111005	0.00305161394437133
392	NTSR1	-2.75342175614644	2.87971987776792	0.000108933077903043	0.00307135357287871
393	USP53	1.61196682165547	6.12451309932432	0.000108954551175045	0.00307135357287871
394	PLOD2	-2.19657360501436	2.24758044302551	0.000109737910544721	0.00308656163058786
395	PI16	-1.90597595441007	1.08812669356476	0.000111460552488398	0.00312806255619879
396	TRIO	-1.66445365597449	3.95999543825338	0.000114025193753968	0.00318590922150989
397	CST3	-3.63021546797762	1.510347674925	0.000114440841524102	0.00319047958407611
398	COL6A1	1.62531197178954	3.46303963485115	0.000118164509752181	0.00328705098886453
399	GPSM1	-1.10693416649521	4.32515976462445	0.000120364071773988	0.00332430747933921
400	CKB	-2.61322818378635	2.6520607723968	0.000120554407285826	0.00332430747933921
401	NUP62CL	-1.64253093862084	1.21095010192255	0.000121420062527349	0.00334089941610578
402	CDHR1	-2.5672538580817	0.912787146054776	0.000122560042154767	0.00336495109230562
403	MTHFD1L	-1.50740965937557	4.58725492010193	0.000123173358858091	0.00337447013650835
404	SAMD13	-2.86074755055507	0.555417270363628	0.00012483140018624	0.00341250762884932
405	SP140	1.5989336423728	4.58946417189892	0.00012535698091718	0.00341948988678609
406	CORO1B	-1.22493764134073	5.65679027529695	0.000125638948986439	0.00341981113402444
407	PEAR1	-2.52274912272485	2.13342345687275	0.000130079425090926	0.00353308000724432
408	CASP1	1.39992777161168	4.46157940621227	0.000131713595488721	0.0035698050922928
409	PGK1	-2.00709086956089	9.41102278202525	0.000134492886447671	0.00362958734278928
410	AMOTL1	-1.70547116483217	2.0145240104205	0.000135521756676559	0.00364957207288341
411	IGLV3-1	5.52705976543786	2.92187741840674	0.000136088277905454	0.00365704741708986
412	ID2	-1.06230908010053	4.53554945102236	0.000138901720604879	0.00370902759007584
413	EXTL2	-1.45709000104656	3.35347245637792	0.000140166046133108	0.00373490872822474
414	LEFTY1	-2.67516331373366	-0.441273501962006	0.000141515043089083	0.00376115529681199
415	LRP5	-2.4101300599417	2.54220536923116	0.000141745364350108	0.00376115529681199
416	MAPRE3	2.74102394217684	1.84333801321875	0.000144576863617678	0.00382826226529068
417	FAM210A	-1.13612217462856	4.9317248707544	0.000145326964851436	0.00384009059316207
418	AFF2	-2.8685466021617	2.93300384597813	0.00014829736466767	0.00391041613458063
419	EPAS1	-1.89748260255659	0.991419041141311	0.000150038688794099	0.00394810745128256
420	ZNF160	-1.27384771511451	7.41388246706132	0.000150401219908237	0.003949436183358
421	LRATD2	1.31870008712546	3.56429968978087	0.000155460393014136	0.0040654177569833
422	LRRC7	1.6278890350331	2.63100467936326	0.000157992796048812	0.00412312333936044
423	JADE3	-2.0310599545392	2.03415303724842	0.000165234106417558	0.00429439031812533
424	FLVCR2	2.84061117664187	0.0881145994354705	0.00017567892549919	0.00451779794947744
425	IGLC2	5.82119396422998	7.24930992735194	0.00017597174599766	0.00451779794947744
426	PDK1	-1.838557825381	6.11387006550969	0.000176760487056711	0.00452603273667734
427	SCPEP1	1.72753396162028	3.15749704903761	0.000177007679912719	0.00452603273667734
428	TRO	-1.47577010196929	3.1559510917948	0.000177627530516468	0.00453272510836077
429	KIF15	-2.05643279107502	1.24833351274321	0.000178300082804172	0.00454073269225837
430	CALCRL	-2.42171612795879	1.834510582646	0.000178847939611569	0.00454553889892296
431	GIMAP1-GIMAP5	1.03833225979195	7.43809763012219	0.000182064099954122	0.00460460530555586
432	CHRNB3	-2.49449338300774	0.148388657692398	0.000182382717554993	0.00460460530555586
433	CCDC106	-1.29550789244758	3.52846097929858	0.000182584228265102	0.00460460530555586
434	NHSL3	-1.90298435564416	2.7868673847317	0.000182627152041482	0.00460460530555586
435	DYNC2H1	2.07764747123212	0.662882852996947	0.000185374151357198	0.0046553187177144
436	FGD5	-2.49632481953763	1.74460327251422	0.000186940502464796	0.00468535829642955
437	COL4A5	-2.20904380696231	0.49764319850407	0.000187597308794406	0.00469252793954703
438	LDHAP4	-3.0059504811789	4.44031641329308	0.000190792051830746	0.00475365157484596
439	TESK2	1.13184976891911	3.94186760344048	0.000196723385104039	0.00487265730971002
440	HEATR9	3.13212554132727	-0.132027832010747	0.000205766718888913	0.00507678238007207
441	LAMB2	-3.02682921448244	1.00253686252229	0.000207557014519102	0.00511099053067759
442	IGLC1	5.85534736456897	5.49128668052431	0.000211420043911461	0.0051812415905606
443	RP9P	1.91425938140166	1.55303652101772	0.000211637979167246	0.0051812415905606
444	THAP8	-1.72666867225424	2.74524720495771	0.000213540545818067	0.0051976590161909
445	IGHV4-34	4.21110522464503	1.45454065142422	0.000216001073944805	0.00524745795186065
446	GYG1	1.06384260804448	4.65785621630197	0.000218015882668217	0.0052862586722828
447	CDC40	-1.40381155001003	2.60562613207288	0.000219226118995333	0.0053054397478469
448	SLC8A3	-2.79815568930188	0.959568392306578	0.000220640983349412	0.00531354772239194
449	GRIN2C	-2.52754752530911	0.161956327828833	0.00022124039264443	0.00531354772239194
450	MLF1	2.2798075319224	-1.01711699834568	0.00022267249004039	0.00533781383795684
451	GGT1	-1.34031611080013	4.13236564836593	0.000227543651185243	0.00543399998688985
452	SUCNR1	-2.57020320733681	-0.184495962695948	0.000228860642296792	0.00545515847372975
453	IGFBP7	-2.12742316903592	2.45447974325381	0.000230627677206177	0.00548694456841839
454	TPCN2	1.21083598382573	3.99761110997799	0.000235537279287602	0.00556193161183428
455	GALNT2	-1.33247417736181	3.59003196468535	0.000245388607258501	0.00578376834650064
456	ZFTA	-1.18954329866124	4.60450819708961	0.000247412079209604	0.00582062209397017
457	CBFA2T3	-2.67162066089146	3.78184300553751	0.000249512520232173	0.00584829623810855
458	C17orf67	1.64995925751319	1.85037373100301	0.000253637445830515	0.00593399103858933
459	DHCR24	2.15760173598316	1.8613075611773	0.000254941991420932	0.00595350698416004
460	ATXN1	1.3260331979695	3.61968340194125	0.000256028635416006	0.00596433741617414
461	PRR34	1.70863684501092	0.721833794245597	0.000256348230575866	0.00596433741617414
462	IRF6	2.22106394814672	0.0412898590327202	0.000261905361524308	0.00608245167121681
463	B4GALT6	-2.38478312126627	1.94769002571656	0.000262993251165864	0.00609653036631198
464	IFT140	-1.18325880047451	4.13624339516355	0.000264287774785602	0.00611533887652899
465	ANKRD9	2.12130475101728	-0.106102126731746	0.000272538463091438	0.00628975531173627
466	CLIP2	-1.52178810167062	4.41054922440574	0.000273247224794773	0.00628975531173627
467	CIITA	-2.63464232263288	3.60617148255688	0.0002733163799838	0.00628975531173627
468	ELOVL7	-1.98896979723075	0.320046581545794	0.000280356929955193	0.00640478588990333
469	STAB1	-2.40042938657931	1.78108874918207	0.000280845079315505	0.00640478588990333
470	MST1P2	1.20516503006532	2.95818065608008	0.000287527137209276	0.00652191931121471
471	CMKLR1	3.78846705183452	1.06485325570371	0.000302800351972832	0.00680736066593274
472	TTPAL	4.15187374274946	3.39750404893296	0.000309011973802583	0.00693468892272925
473	ELMO3	1.28779146258434	3.95493574071045	0.000309762748440016	0.00693923381770847
474	PRXL2C	1.34103464259937	3.43996446481199	0.000311169570782142	0.00695843331694272
475	SGIP1	-2.53618955355235	-0.844533920675658	0.000316815646601803	0.00705974584337855
476	TMEM191B	3.76904340367262	1.59744641720336	0.000318403437449483	0.00708265783444308
477	FRMPD3	2.49512621408268	-0.269678229504671	0.000323619470297061	0.00716092943277955
478	PLD2	1.02741149110608	4.3424103951782	0.000326837309264169	0.00721951103552632
479	AFDN	1.54371040542973	3.55305933367018	0.000331480425925416	0.00730931663926478
480	AZIN2	1.21417574476577	3.63588325925393	0.00033261910977548	0.00732166969117957
481	GRAMD4	-1.0999899572836	4.68721975811785	0.000337992827880184	0.00741416849649824
482	DPPA4	-1.63916772291754	2.60882495609911	0.000340214328926888	0.00743563545141417
483	PDXP	-1.30482131668055	4.7866505683494	0.000340614742592181	0.00743563545141417
484	RHBDF1	-2.07999047376091	-0.280038340349489	0.000340733867568952	0.00743563545141417
485	OSBPL6	-2.23171513330233	1.29318263307111	0.000351747153118734	0.00762339677572571
486	PLEKHH2	1.90571891848697	0.456396064524217	0.000365312697744769	0.00787693835665338
487	HDGFL3	-2.14596708268184	2.84459735457132	0.000372168989399412	0.0080111273789598
488	POC1B-GALNT4	-3.58298752302546	1.19930327479249	0.000373668124213184	0.00802871114013977
489	MAP3K20	-1.50866003588003	2.67180861469485	0.000374254528931221	0.00802871114013977
490	ASB13	1.29883065597077	3.3876460936665	0.000377557352211214	0.00808586024862494
491	PCYT1B	-1.95524606152549	1.30153453238576	0.000383178824042928	0.00817857398973245
492	BTD	1.10170975553917	3.5874682990769	0.000388636617912278	0.00825807855711311
493	CATSPER2	1.10446983520093	4.04963669205071	0.000388861090308873	0.00825807855711311
494	FSCN1	-2.95357383015204	3.36310656252817	0.000390537420978375	0.00827978582466213
495	EIF4E3	1.10546536039295	5.78261233478939	0.000394272817176691	0.00834500175084511
496	TMEM163	-2.22960798805144	0.363275944680403	0.000405375585165379	0.00853716935347454
497	ARHGDIB	-1.91355586545544	7.53192171495077	0.00040870624864237	0.00859301493200411
498	LDHAP7	-3.70081131991775	1.32201251499639	0.000414120535311056	0.00867801923084774
499	IGLV1-51	4.27380907641086	3.1001086060201	0.000415457645221798	0.00869164862078065
500	CACNA1H	-2.56598909408536	3.07489721253058	0.000416980218489372	0.00870910664260723
501	IGKC	4.67683553633114	8.06103966338525	0.000421414503598105	0.00877276870401516
502	ITGA10	1.6411748365137	4.20928998564229	0.000423071105976364	0.0087927930843068
503	CCDC39	1.22299959903532	2.56317906293983	0.000438897260814143	0.00907699776164152
504	ST3GAL6	-2.07737927561145	2.839143921528	0.000445411258041564	0.00917645722241642
505	TCIRG1	1.00847236993317	7.25584840208582	0.000445881424649293	0.00917645722241642
506	RIPOR3	-2.77183400143208	3.39069467363907	0.000456183522966687	0.0093336082424997
507	MRFAP1	1.0057469467971	3.94661867961689	0.000461038424353849	0.00941187635007528
508	TYMS	-1.96207780668522	3.71876681687299	0.000464326847534156	0.00945355726791195
509	CPA5	-2.6221550660526	-0.29839967889148	0.000464573960704846	0.00945355726791195
510	TPRG1	2.97409019182221	1.26392299161005	0.000469708991035652	0.00954270738288643
511	FCGRT	-1.01833436872489	5.95142494455031	0.000470629455221859	0.00954608495952415
512	DDX60	2.75108940692514	-1.26706208263331	0.000474416731344222	0.0095921606527537
513	ZNF112	-2.3030506542359	0.100030342825303	0.000480094499597835	0.00969147700384338
514	AURKC	-1.57658186060419	0.499676986292374	0.000482537649252966	0.00972528507419552
515	SLC23A2	3.35655129170551	3.73300169179036	0.000495460912047697	0.00995404565680588
516	IGKV2-28	6.0453425135271	2.16452437385886	0.000497474626659654	0.00997866299466124
517	ZNF610	-1.3648116986436	2.58943080408627	0.000510062875272923	0.0101859319609592
518	KDM3A	-1.05024048988703	9.26121672729342	0.000510185636527826	0.0101859319609592
519	BAG2	1.03596579652577	4.61070851574519	0.000510222079738337	0.0101859319609592
520	PYGL	-2.2794174900732	2.92710392474068	0.000513441512057638	0.0102340617608087
521	TPTEP1	-1.26234519973564	3.42656508917667	0.000517829194737994	0.0102891116448961
522	SPSB2	3.05519810968501	4.60457634575856	0.000522977427112532	0.0103751180171839
523	LGALS9	-1.52287998344719	5.12622003227086	0.00052404693570528	0.010380065829768
524	ZNF117	-2.76804394509361	-1.03076713229267	0.000525505114800802	0.0103926847469277
525	DOCK1	-3.5330568319655	0.779792435684348	0.00052832154700247	0.0104320839631985
526	ADCY6	-2.2292141536776	2.7406594004715	0.000532477026549117	0.0104928017762037
527	ZNF417	-1.39791637282575	2.72933382574068	0.000533054558117957	0.0104928017762037
528	LRP10	-3.13533586110282	0.665865304815979	0.000547177220221754	0.0107540715471223
529	TRIM22	1.33837179904074	2.20628715083644	0.000569988031703279	0.0111380976723908
530	PSMA8	-1.84656746759868	-0.0351732356034662	0.000571758619472879	0.0111506145557292
531	DCTN6	-1.32115006407098	4.15644035543609	0.00057695448806542	0.0112346353160677
532	CBX8	-1.64817330044324	0.788473823713395	0.000584763333916203	0.0113692004875229
533	HDHD5	-1.00096816646219	6.80829134386471	0.000588179672550239	0.0113876558464568
534	MLC1	-3.61929485663972	4.43427907958079	0.000588411702898216	0.0113876558464568
535	NT5M	-1.69681030685635	1.76094423304977	0.000591997240955062	0.0114395558454477
536	IGLV2-14	4.30580543411393	3.08858288897066	0.000599953809744074	0.01157563318587
537	STARD5	1.26389411168005	3.11753057365098	0.000613504080163392	0.0118190580557505
538	SPTA1	-4.0271041377652	0.406396433174574	0.000616422389791197	0.0118572312881264
539	TPI1	-2.08767977223878	7.08696219653067	0.000641480610552175	0.0122832376516776
540	ARHGEF40	-2.60662277563486	1.05965516799466	0.000642768765720203	0.0122893115826595
541	SCAI	-1.99190588593128	-0.133427563021693	0.000648407931221962	0.0123597879299343
542	RXRA	-1.28603023419394	5.31285333657957	0.000652317716023583	0.0123975895029537
543	CLEC3B	-2.6829666600503	0.434337251089283	0.000653113186748296	0.0123975895029537
544	HSPG2	-2.15686435215045	4.17844007106883	0.000653329556646133	0.0123975895029537
545	DPY19L2	-1.70007254859453	2.91344489457007	0.000655916712243504	0.012428050639021
546	NFATC4	-2.78396375862786	-0.449131602389924	0.000657108408431628	0.01243201961961
547	RBM11	3.08061156273809	3.21412576484759	0.000659626766995663	0.012461038790842
548	RADIL	-2.39421665679742	0.530563736418576	0.000679558968186685	0.0127613914841823
549	WFS1	1.2661754528667	3.12973300335697	0.000687465495397256	0.0128716727444424
550	GPI	-2.07933378034183	5.78933739077196	0.000698881267789675	0.0130660859769777
551	IGLV3-19	3.14805736690049	1.58580316547266	0.000712057010179439	0.0132755151258395
552	CD7	-1.19068360312575	3.68811627815076	0.000712180988421034	0.0132755151258395
553	PLEKHA3P1	2.18158919656074	0.229066983070092	0.000716829919867084	0.0133425239643495
554	EDEM3	-1.08890680812355	5.16687852776082	0.000725354466328257	0.0134813678125062
555	LAMC3	1.86665280298014	0.347640168243176	0.000733220600161473	0.0136075852437592
556	LYNX1	2.8085523148286	0.236151789889855	0.000752029624230833	0.0139362210159439
557	ZNF483	1.34600782691465	1.35214626488066	0.00075546272411237	0.0139793738290793
558	BMP2K	-1.33023294409098	2.74112539097087	0.000766479256998215	0.0141320252299467
559	P4HA1	-3.15603900911453	5.32350401294668	0.000767061810300498	0.0141320252299467
560	TRGV2	1.52919821912827	1.79769855840976	0.000779635898543643	0.0143220516498122
561	SPDYE16	1.14687937620795	4.58435399456688	0.000782161691696348	0.0143348397054189
562	CACNA1C	1.45898902718105	1.73785313861744	0.000782600476925372	0.0143348397054189
563	HHEX	-3.29267834419154	2.03594897293719	0.000785637101719943	0.0143696658908516
564	WEE1	-1.35857496317845	2.69637164759742	0.000786780493448086	0.0143698134279544
565	LIMS2	-1.43665345381664	4.6527781599423	0.000792529797755676	0.0144539620319792
566	CAPS2	1.1402259401039	2.79657948889375	0.000793865447276247	0.0144574891599647
567	SEMA7A	-1.57266217042318	3.6785733436147	0.000805604278721244	0.0146501916031247
568	GAR1	-1.41978362387062	2.71906874741482	0.000831377700878574	0.0150540022317884
569	TCERG1L	-3.1500672184207	0.630752877345087	0.000856462555014179	0.0154419466649779
570	ZNF280B	1.22947110170483	1.88650230505589	0.000858870702381196	0.0154633378094435
571	TAF5LP1	1.9289917033384	3.67492335935307	0.000869926231803473	0.0155958304758308
572	STRC	1.40309388812175	1.92798092508516	0.000873176930666057	0.0156201472670337
573	IGLV2-23	4.35769794619923	2.19623017709961	0.000874676073507526	0.0156201472670337
574	VPS41	-1.40717717230932	3.37067989363215	0.000876169951422647	0.0156201472670337
575	SEPTIN4	1.71158748367231	1.47143957217839	0.000877001751411974	0.0156201472670337
576	TMEM14EP	2.6399073724876	0.89695599287489	0.0008853249932695	0.0157160707430744
577	RPL23AP1	1.89110242386065	2.04038493440884	0.000890511986457923	0.0157860087011175
578	PPM1N	1.41467096020491	2.99176631510194	0.000897918490055256	0.0158950410190621
579	STARD8	-1.43997575609454	2.31079978343106	0.000906171444913808	0.0160187318132319
580	MDK	-1.62055011090787	1.55102669437896	0.000908422273495362	0.0160240968750894
581	FAM91A1	-1.11240546376642	3.32308780939641	0.000909006996627495	0.0160240968750894
582	TAGLN2P1	-2.25177038212442	-0.318657871880202	0.000918502519532862	0.0161689657715263
583	RMI2	-1.38372145323991	1.04419645825316	0.000946205657680196	0.0166105577175583
584	DENND2C	1.29845544458531	1.87149383131429	0.000946212539650747	0.0166105577175583
585	CIART	-2.88285511573923	3.63679368336704	0.000965625048594061	0.0169044484648064
586	KCNC4	1.17362544674419	5.15106554899792	0.000967746928476612	0.016918194576973
587	GJB6	2.47709551671515	-0.925220700039186	0.000970871910907501	0.0169494148639396
588	ACAT1	1.01274179393096	4.23681790887988	0.000976759383956175	0.0170287100864095
589	CALHM6	-2.6475899481485	2.40769728522975	0.00101009713398583	0.0175275304635789
590	SPART	1.03619004640139	6.36490930088662	0.00101091074017639	0.0175275304635789
591	PLXDC1	-1.12860523074198	6.00510566247644	0.00101929054195108	0.0176330743445312
592	KIAA1328	1.06312756252706	5.30641010714741	0.00101978434227675	0.0176330743445312
593	NUDT16	1.43067345369737	1.906181950067	0.00102500857695899	0.0176992272286083
594	NBPF2P	1.3526576936095	1.47991718826681	0.00103055629732871	0.0177658387018216
595	ZNF334	-1.9160418313013	1.1557091221662	0.00103167349655043	0.0177658387018216
596	ATG4C	-1.12707111419495	4.31194632003647	0.00103542059742199	0.0178061392684377
597	TAL1	-2.27189118907207	3.98630654082267	0.00105236543888214	0.0180372476841819
598	TAF5L	1.18768710554268	2.88635636534446	0.00105317872282209	0.0180372476841819
599	DMTN	1.59098736807426	2.99987135499211	0.00105688623214836	0.0180526437790848
600	PRG4	1.44222939120992	1.07934410920213	0.00106113633326521	0.0181008120891345
601	SYN1	-2.94274437914769	2.87337558443849	0.00106759896444787	0.018162096899216
602	HLA-DMA	-1.63853836674584	4.98785804805583	0.00107011932506382	0.0181805373118561
603	PRSS57	-4.06667029617677	3.04775154172056	0.00108217855851346	0.0183361901139289
604	FAM153A	2.64561034546692	3.49214050362831	0.00108982638686502	0.0184410863349607
605	RUNX2	1.10410651426584	5.46991826915396	0.00109954211049856	0.0185806468525772
606	NCSTN	-2.09086033028276	1.68017156667497	0.00110629728424147	0.018664124233321
607	PCNX2	1.04546968585126	4.83963793845903	0.00110852073071577	0.018664124233321
608	SLC18A2	-2.75344294515134	3.25386373042417	0.00111445498542528	0.0187077675736443
609	UBE2E2	-1.17792319556184	3.79795891825093	0.00112545499854526	0.0188673959160097
610	SLC2A3	-1.4468265234442	4.99193380602735	0.0011340095225393	0.0189856594269576
611	SPAG1	1.59154445010068	1.36772534450434	0.00116941402571184	0.0195010188714555
612	P3H4	1.36132111966166	2.68884676426983	0.0012023655223779	0.019997819207276
613	SLFN12L	1.21834690734086	3.77926421926924	0.00122707574816704	0.0203020885549677
614	ATP8B4	-2.6255228553583	3.85649864398658	0.00126858291499516	0.0209340990288053
615	CHST15	-2.56419603943605	2.74112001343627	0.0012846247329683	0.0211436869248111
616	KLHL26	1.98260298316197	-0.657632075791196	0.00129841930468096	0.0212897276133896
617	ERG	-2.70953634208329	3.74869199586465	0.00130022591808092	0.0212897276133896
618	MYZAP	2.55506046393712	1.35054674331201	0.00130949008347017	0.021351790838097
619	ZNF285BP	-1.66307826252666	0.0079806507927893	0.00131061632119927	0.021351790838097
620	LDLR	1.54108348288778	2.50060215786023	0.00132355220513409	0.0214771798210028
621	SMAD7	-1.04851424524755	4.88811433341046	0.00132681244027927	0.0215025160776116
622	ADTRP	1.24833124285069	4.2016968605617	0.00136061765596771	0.02196599192804
623	SLC7A8	-1.30698927658058	2.65153559119664	0.00136357272738328	0.0219856560643187
624	BCL7A	-1.78524543167539	3.85382489711015	0.00136759355398249	0.0220224320772982
625	MEIS1	-2.89960342567206	3.07695671922535	0.0013748705869442	0.0221114828703339
626	MS4A2	-1.89810630349586	2.04153926773038	0.00139323636936024	0.0223500541533493
627	RPLP0P10	-1.77401997836607	-0.46379692833297	0.00140505403277925	0.0224335685123935
628	PFKP	-1.68159481911776	6.61652621598173	0.00140553210320992	0.0224335685123935
629	LRRC37A4P	1.30734149858977	3.40252695744651	0.00141729551137995	0.0225928328558388
630	KAZN	-1.33212616358506	2.05224946761116	0.00143805612522235	0.0228949388389173
631	ECRG4	2.40329399059716	0.645839697237488	0.00146964939473268	0.0232455978289704
632	BAD	-1.29169645174875	1.18758791967149	0.00147110088180495	0.0232455978289704
633	TPBG	2.38564185191676	-0.492130296777445	0.00148108607186066	0.0233450889309344
634	KLHL20	1.29717131386735	1.08489242260173	0.0015038693804478	0.0236747198362287
635	CGN	1.560351723126	0.969104483165435	0.00151614585959529	0.0238383330992517
636	CD34	-3.43820289477289	4.4744250410959	0.00152167890415744	0.0238660345600009
637	ANTKMT	1.14610195786332	3.30968999808179	0.00153203229084587	0.0239394230928842
638	KHDRBS3	-1.69235016056214	-0.150278929840395	0.00153478479539342	0.0239528620903755
639	TRIQK	-1.89130665451319	2.05912820254203	0.00157352996158078	0.0244670377441375
640	SLC16A6	1.53030754001685	2.27806529472843	0.00158637744617107	0.0246063472257196
641	FNDC11	-2.10351322102567	-0.825138734460164	0.0015918417633977	0.0246608827409115
642	LAT2	-1.43956172074275	4.26958926299752	0.00159735520233247	0.0247160449827897
643	PSD4	-1.08086422329917	8.20329632233025	0.00160907867538185	0.0248573907938568
644	NPAS2	-1.47271357513878	3.12895100765238	0.00161167392044362	0.0248573907938568
645	PKMYT1	-2.68710024181057	1.34482393017869	0.00161238191054408	0.0248573907938568
646	MECOM	-2.35129395871509	1.17207854313819	0.00161623700273283	0.0248582198066538
647	C4BPB	1.29622564939062	1.91478417317809	0.00162909383698275	0.0249353192696747
648	LRRFIP1P1	-1.72998567285779	0.038274195849325	0.00162925725179908	0.0249353192696747
649	DYNLT3	1.24727066775273	1.65185798915241	0.00165489667568926	0.0252058089340541
650	AGGF1P2	2.12150639926023	0.333538690188058	0.00166493319822976	0.0252977905041945
651	ST8SIA6	-2.02834443276986	0.496503121400592	0.00166807610783488	0.0253151550322136
652	ARHGAP42	-2.35361043729505	-0.542390394376365	0.00168898480594168	0.0255405981945088
653	DMKN	1.46269959129048	0.552642952906748	0.00170722321101996	0.0257855897158469
654	LRFN3	1.00840883833448	3.47747334747075	0.00171948212844605	0.0259397917756158
655	ZNF587	-1.2218051738343	1.69524316995712	0.00174760614139942	0.0263013685275773
656	TICRR	-2.30218719416178	0.919268791363314	0.00175880828465367	0.0264385231102868
657	HSPA1L	1.1325241185651	4.68025248203049	0.00177134075454892	0.0265953261332452
658	CXXC5	-2.30453362069766	2.3776666826618	0.00179681587968762	0.0269139628274629
659	UNC13B	1.78252551428465	1.69052678040639	0.00180062493606373	0.0269389021273507
660	IGLV1-47	4.25749692608595	2.68847779268859	0.00183159989706211	0.0271776786601584
661	OR10Z1	-2.37614350591182	-0.0817016080806634	0.00183742535714599	0.0272321929103006
662	RCN1	-1.38437128611082	3.24684437853983	0.00185320748235716	0.0274019241871432
663	FAM162A	-1.45804356861377	6.38751563601801	0.00186915392809691	0.0275175455983898
664	STK32B	-3.27548699182117	0.0434902961514153	0.00187287835223948	0.0275175455983898
665	BACE2	-1.8969011492738	1.6222411158962	0.00189803250362857	0.0278370769390809
666	AOAH	-1.55679699097616	3.9111361652598	0.00192393237404644	0.0281191825153647
667	KIAA1671	-1.32066376604527	4.38454825507438	0.00194387954590767	0.0283126391398773
668	HOXA4	-2.79128969219213	0.047395567515634	0.00196286388340549	0.0285234996237236
669	AKT3	1.93693835662531	-0.7232350070011	0.00199437140208643	0.0288787658978271
670	IGKV3-20	3.75315445904205	3.79231425920498	0.00200255742366393	0.0288787658978271
671	ADAMTS6	-2.55881073551009	2.85614310933563	0.00200328327868311	0.0288787658978271
672	LRRC8C	-1.26956291678313	1.62283703700858	0.00207244713335673	0.02974032127766
673	THEM4	1.09150475267026	7.45399226434952	0.0020854190384128	0.0298541100142924
674	FOSL2	-1.92538148612373	3.3758835826142	0.00210245121064072	0.0300346782991869
675	HILPDA	-2.64195329418043	1.62305893233968	0.0021162147420325	0.0301632094480916
676	IL12A	2.0105263035404	0.415290550488069	0.00213774347963246	0.0304134342337701
677	TMEM242	1.72775911746213	1.11600281290035	0.00219354790139396	0.0310904096169579
678	LMO2	-2.50333340510649	4.27639816608418	0.00221918096356027	0.0313134598169256
679	CHN1	1.67412926508618	0.321206551663304	0.00223024523951416	0.0314345367444663
680	REEP1	-2.40179699507686	0.43178099027284	0.00223935033072399	0.0315277609966336
681	ANXA3	-1.72660198137813	0.331954533699657	0.00227179844027054	0.0319135991770303
682	TMCO4	1.54276804020015	4.37682983853666	0.00228865789629828	0.0321147926756622
683	TOP2A	-1.86362205732192	0.404050026364652	0.00230479444980764	0.0323054079193967
684	RDH5	1.00017379150818	4.42777823726882	0.00230958286362001	0.0323367149389806
685	GAPDH	-1.80801041861302	10.6904654437984	0.00236581469144804	0.0329418223868623
686	TPSD1	-4.02640980704803	1.23819736944738	0.00239237500940937	0.0332385186543297
687	ANKRD37	-2.01302337848555	3.28939247048142	0.0024087878626106	0.0333814024595455
688	CD82	-1.20247612822246	4.92058797046785	0.00241255051252874	0.0333814024595455
689	ZNF415	-1.86417232505625	3.04647496836689	0.00241320875803777	0.0333814024595455
690	DIPK1B	-2.52869972958593	2.95116754918365	0.00243948821512929	0.0335581962022132
691	PTCH1	1.02907764509818	3.78875948523457	0.00244189766155	0.0335581962022132
692	DLG5	-1.44239165680693	2.58838928143462	0.00245002170132614	0.0336333239410899
693	DNAH14	-1.71780870273221	0.440998127425613	0.00248323059330919	0.0340522747773721
694	NECTIN2	-1.74947543253275	0.809768427234479	0.00248722664029444	0.034070159725332
695	SNRPD3	-1.07087735464227	3.8719941995128	0.00249781015002099	0.0341226636165269
696	TMEM45B	2.7470490355972	3.20574324171307	0.00252815014167346	0.0344443448257923
697	TCEA3	1.53524254957597	1.70583276965667	0.00258797947938119	0.0351700426996164
698	SLC27A3	1.04750480739858	4.01804517006259	0.00261548342568532	0.0354029018260337
699	BCKDHA	-1.1351270902346	3.90965686887351	0.00266538950182703	0.0359657088748664
700	TM6SF1	-2.03153161222365	0.46472122989591	0.00266838250237666	0.0359677500879461
701	DACT1	-1.53579491940748	0.705659210599455	0.00269102551775255	0.0361958660767205
702	DNMT3B	-1.95756473319912	2.34025855866382	0.00270736544368378	0.036261507323498
703	NHLRC4	-1.37521603926182	2.78925590110641	0.00271195273141288	0.0362845515026351
704	SSTR3	-2.41812118445301	1.20599959727043	0.002716921765598	0.0363126491944814
705	HDAC4	-1.17159428042171	6.08958024304149	0.0027225514325668	0.036349507892403
706	TTC24	-2.04280840204235	1.8174638300864	0.00272779286391739	0.0363811109363566
707	TNS3	-1.69810634342516	2.35726119491474	0.00273472710193324	0.0364352009780726
708	IFNL3P1	2.38763018026381	-0.856548048974286	0.00276454092499705	0.0367248774096486
709	PLGRKT	-1.35022463086702	0.82121534790363	0.00277210303656183	0.0367397990929456
710	SLAMF7	1.91077833144647	3.55212968149552	0.00278706077680666	0.0368994019372823
711	CILP2	1.90101346287471	-1.04199788625284	0.00281323203118525	0.0371681396855028
712	KIFC1	-2.1415333224746	2.16068555201478	0.00283298444774712	0.0373511293282659
713	TP53INP2	1.19958152237235	3.2648970055129	0.00284024451195972	0.0374078821934175
714	CHI3L2	-1.94925544066966	4.26374088918372	0.00287728003386597	0.0378169609435531
715	SPI1	-2.57978942320187	2.21418929723138	0.00294953886479768	0.0386863351417039
716	RRAGD	-1.44398924514337	3.8300411870379	0.00295685118498489	0.0387420967374263
717	MOB1B	-1.40691618667348	0.797189200099864	0.00296679770409175	0.0388322218621398
718	CDC25A	-2.43228730726416	0.0998026929501641	0.00304253618626755	0.0397286990402692
719	MARK2P16	-1.40133745315881	1.22146717621402	0.00306363382732115	0.0399345142661213
720	PLS3	-2.93287697744851	1.17817049918681	0.00309220217481061	0.040216036513029
721	H2BC4	-2.13412425496506	-0.714666014077127	0.00309648169663041	0.040216036513029
722	TMEM249	1.47951473459483	0.267521302218053	0.00309794071266519	0.040216036513029
723	RAD50	-1.03650331617588	3.00028846866424	0.00314518008006308	0.0406209635442432
724	POU5F1B	1.30545139126941	1.43769170659942	0.00317357443302233	0.0409042073307165
725	KLRA1P	-2.27413906630085	0.173048923117055	0.00318784305015434	0.0410463168726383
726	EMILIN2	-1.07065559891517	2.77134125141727	0.00320035765403389	0.0411237835808192
727	NAMPTP1	-1.29897724185282	3.01740160383032	0.00322055769434997	0.0412994921351445
728	GUCY1A1	-2.87420995575616	2.25705824262043	0.00325278454462725	0.0416284064523226
729	TUBG2	1.24260785136318	2.0561806523477	0.00325989540235726	0.0416772687955917
730	MSRB3	-2.22081479508391	3.56509014936641	0.00327283450093525	0.0417583329418725
731	TESC	-2.08957574502352	1.22309476242157	0.00328784747687342	0.0418314802237837
732	SLC26A11	1.12876155342403	3.21257311136412	0.00338746915134918	0.042961119287201
733	BRMS1L	1.65916641205876	0.905306591240099	0.00343968242850599	0.0433626100573708
734	GADD45B	1.06887992546139	2.57263382724928	0.00345344280366073	0.0433922964859797
735	INAFM2	-1.42388515546302	2.13433231079165	0.00347098494489748	0.0435403929113651
736	MAP3K5	1.47169211961404	0.0447245167864297	0.00349777682163004	0.04383303092215
737	AMIGO2	1.01752638194035	3.3850479436533	0.00355223372987901	0.0443836350632563
738	ITGB5	1.78518321212421	-1.05282788292827	0.00356063146554053	0.044444686843537
739	TCTN2	1.20398957173783	2.36490989476209	0.00359338700500518	0.0447212382717312
740	JAKMIP1	2.99115586376221	0.612760477692208	0.00360618989312647	0.0447485739973546
741	RRP7A	-1.80758799977493	1.38207752527871	0.00361895717904385	0.0448630176446209
742	HDC	-3.08100716429968	4.23166386569346	0.00365978400658717	0.0452061267447959
743	PDCD2L	-1.01545341886566	3.28622488416344	0.00366092122251843	0.0452061267447959
744	RTL8C	1.2615390243293	2.48745910288045	0.00371159565149869	0.045742615541401
745	CCDC186	1.41612663662903	3.45382750572232	0.00381886995074862	0.0467444618189313
746	PLIN5	1.36613870408519	1.52499235845599	0.00382981803794199	0.0467444618189313
747	PPP1R26	-1.53769210161783	1.55744124526009	0.00386041909982391	0.0470272613536778
748	SLITRK4	-1.68803853239276	-0.232417388422944	0.00387792092003375	0.0471497070940126
749	SMOX	-1.81681226290551	0.931180910951669	0.0039027918609679	0.047406561021373
750	P4HA2	-2.23627937622119	1.58868867160462	0.00398074536612911	0.048140440893149
751	APOC1	-2.19739289140091	-0.164176180624556	0.0040300008270258	0.0486250910082607
752	MS4A3	-3.15048800443203	0.932305643731369	0.00404006436989355	0.0486767322196476
753	IGKV3-11	3.65028729969713	2.6668053761434	0.00404197247079479	0.0486767322196476
754	DARS1	-1.04323478893377	4.91559739209801	0.00409941819222347	0.0492116599990377
755	TRAFD1	1.23355449770071	2.67097856738155	0.00409978126495925	0.0492116599990377
756	MYCT1	-2.42815398809878	1.98875845866681	0.00410194369115784	0.0492116599990377
