"gene"	"baseMean"	"log2FoldChange"	"lfcSE"	"stat"	"pvalue"	"padj"
"1"	"XLOC_002740"	220.95050736632	1.02968630039662	0.223751139145701	4.60023681031016	4.22010910342949e-06	4.32221211290497e-05
"2"	"XLOC_003209"	21.4573865989471	1.44820043636278	0.472624063183902	3.04441652111944	0.00233132120490368	0.0115999133447391
"3"	"XLOC_004311"	135.721584910268	1.04939397237506	0.211664763538221	4.95430923038589	7.25876913994949e-07	8.70334051238965e-06
"4"	"XLOC_005634"	33.0623191660747	1.20713720173543	0.377402449147601	3.18515928514258	0.00144674352936436	0.00769110599048979
"5"	"XLOC_005978"	46.3225561279783	3.20696235793369	0.387881882746422	7.87363590734473	3.44480491416713e-15	1.24141036572253e-13
"6"	"XLOC_006885"	13.6323652100728	1.73744883175763	0.527065697730627	3.24150453371377	0.00118900542852157	0.00649680427034376
"7"	"XLOC_006886"	17.8694570582736	1.82490969564457	0.491649190328558	3.64894652146856	0.000263317906885335	0.00176041640644582
"8"	"XLOC_007241"	75.3103911833172	1.02466675731778	0.283592470431579	3.60921271496494	0.000307127694518891	0.00201645504278099
"9"	"XLOC_007243"	65.9762817510223	1.11722986074317	0.324224697781212	3.44022546446717	0.000581229773160823	0.00352483041665375
"10"	"XLOC_007246"	657.466902324916	1.05790673900239	0.187911096082399	5.62910562740366	1.81146445531369e-08	2.89297140524068e-07
"11"	"XLOC_007247"	223.636720548414	1.17489339976928	0.238869540946857	4.91625783818345	8.82141981000338e-07	1.04413728495937e-05
"12"	"XLOC_007248"	141.456858691485	1.5583290766778	0.22492341016439	6.91689134051555	4.61661910150549e-12	1.23170719132152e-10
"13"	"XLOC_009715"	45.2574263743757	1.99097393766916	0.352828985480358	5.58665178441624	2.31489228414709e-08	3.63409972510476e-07
"14"	"XLOC_010388"	193.36481839149	1.0267420548064	0.257172958902094	3.99114563764137	6.57548834044245e-05	0.000515093203816154
"15"	"XLOC_011244"	42.6872670139356	1.37745322207585	0.468847147923387	2.93009549050182	0.0033885785556777	0.015993199862217
"16"	"XLOC_011938"	28.2957310317661	1.4058089290045	0.473847718537427	2.95155632732669	0.00316176872580135	0.0150763335110272
"17"	"XLOC_013960"	16.9411418466385	1.25211897036025	0.45682156985348	2.71848412501624	0.00655818027230141	0.0280622377222202
"18"	"XLOC_014296"	9.67127408836985	1.68829703786687	0.536792337340324	3.07633575459423	0.00209561721603096	0.0105779293372581
"19"	"XLOC_014483"	5.18321136860131	1.5237434168007	0.544702453751855	2.90787045724698	0.00363899045902472	0.0169761181471538
"20"	"XLOC_015036"	17.7724992995959	1.59620080168592	0.462053682147447	3.40814080490793	0.000654071345120523	0.00390669600714624
"21"	"XLOC_015038"	12.1992284818176	1.34762742940196	0.4985211362357	2.66966132154422	0.00759277895224576	0.031787691281827
"22"	"XLOC_015751"	119.54569652348	1.51393825765272	0.30215835631728	5.0018749386655	5.67754181758882e-07	6.96554787114476e-06
"23"	"XLOC_015893"	27.2571025673449	1.33670124618095	0.426226352862012	3.11692934764562	0.00182745362611504	0.00939307287993592
"24"	"XLOC_017775"	96.7860950324282	1.00031510997414	0.394678755228704	2.53324123627852	0.011301314671999	0.0441042449397579
"25"	"XLOC_017866"	8.75455023611821	1.35326887452463	0.552879721326817	2.47837236030422	0.0131983324729817	0.0499979034752187
"26"	"XLOC_017867"	53.1635887767602	1.68278469150371	0.452152423598133	3.71163803874248	0.000205922317142848	0.00142180266551479
"27"	"XLOC_017868"	20.5266343489927	1.81886066377342	0.511768798331097	3.52404222082095	0.000425016520108532	0.00269902122056213
"28"	"XLOC_017869"	80.6866874035776	1.03343713967358	0.30686844661382	3.36436846242603	0.000767190445538322	0.00445871953180366
"29"	"XLOC_019263"	45.7828958123569	1.42042603205265	0.405510930268314	3.49365811180409	0.000476450754937331	0.00298462915564619
"30"	"XLOC_019802"	50.0195790149772	1.54883510350943	0.448498341213068	3.44278958936941	0.000575747076234231	0.00350034001694239
"31"	"XLOC_021036"	99.1716751391399	1.09710956357432	0.260506472385234	4.20725033044121	2.58496744248103e-05	0.00022234848613497
"32"	"XLOC_022874"	9.59849113481722	1.4174410413734	0.516976658085433	2.69415984103705	0.00705663146700172	0.0298264597519576
"33"	"XLOC_029764"	15.9072714474852	1.26539078713336	0.456362971597456	2.74839081713589	0.00598885771859696	0.025952609174823
"34"	"XLOC_030621"	74.10256192968	1.36593739946417	0.324151157052374	4.20577305376826	2.60191232088971e-05	0.000223409548615632
"35"	"XLOC_030689"	116.054238149739	1.09873939952831	0.358412398318635	3.06422525633432	0.00218234522871921	0.0109671615589446
"36"	"XLOC_032826"	20.3625013111654	1.21515187508792	0.45376346640044	2.6655323680563	0.00768665317117832	0.0321459947547035
"37"	"XLOC_033348"	9.82787401272422	1.35665554599819	0.516119510173205	2.58897362683862	0.00962624666514767	0.0386005522944949
"38"	"XLOC_033429"	69.8646108214029	1.21468345297494	0.325244512124799	3.72874846815765	0.000192433111134274	0.00134011966906297
"39"	"XLOC_035840"	40.3611747858583	1.32532673470817	0.372123275305221	3.54728168233066	0.000389228194003896	0.00250127816551128
"40"	"XLOC_037619"	24.745423911308	1.70448763849524	0.50458332334912	3.35444003449523	0.000795257876658044	0.00460665064614465
"41"	"XLOC_037975"	17.4409201294585	1.3871906480753	0.523509910937775	2.63860919142909	0.00832468867345192	0.0343914476882348
"42"	"XLOC_038297"	295.446854205529	1.12546135142723	0.18739015498159	6.00370451250108	1.92865562832249e-09	3.57824864464803e-08
"43"	"XLOC_041073"	111.501490605673	1.04662803353195	0.232106727004336	4.50520384522448	6.63092582128876e-06	6.49622990516152e-05
"44"	"XLOC_041127"	10.9794911355629	1.63963992608832	0.529598302665952	3.0265126425627	0.00247392475244442	0.0121922859939991
"45"	"XLOC_041633"	33.0751994035631	1.04271573027946	0.403710373508012	2.57630692475541	0.00998619593381442	0.0397806383326061
"46"	"XLOC_041634"	170.118212576067	1.42368329677696	0.220465454255861	6.45035307686489	1.11589867923606e-10	2.48678661988837e-09
"47"	"XLOC_041637"	1418.43884585962	1.28891689473752	0.157432532234166	8.18628955205257	2.6940311854092e-16	1.04463753245427e-14
"48"	"XLOC_041639"	59.0718127175179	1.13589846667046	0.34407392164481	3.29503296700119	0.000984101340580641	0.00552876174766081
"49"	"XLOC_041642"	11.5086362977889	1.34353831417172	0.497911578235906	2.66390765269009	0.00772387632088561	0.0322738176959763
"50"	"XLOC_041924"	60.0295915335942	2.23189003368742	0.349128279903259	6.32621219918326	2.51252246208847e-10	5.33546390963541e-09
"51"	"XLOC_041925"	61.1160511601671	2.2723409761596	0.315717397205908	7.11652124375305	1.1068512308377e-12	3.16981265339459e-11
"52"	"XLOC_041926"	66.9045928284842	2.57758355903558	0.310144957688642	8.18575291884168	2.7060642547999e-16	1.04720905732656e-14
"53"	"XLOC_042270"	11.0469907456844	1.80782673855743	0.514803416063265	3.40162013740706	0.00066987678109956	0.00398077777725326
"54"	"XLOC_042455"	408.4469040724	2.53950594453047	0.224895077491285	11.2692782888124	1.86088942736217e-29	1.56864887903033e-27
"55"	"XLOC_044635"	223.047342978552	1.36755115079438	0.318666832938887	4.28896054908409	1.79511251573302e-05	0.0001596497314451
"56"	"XLOC_045413"	11.606227445596	1.34407562904992	0.525530195536468	2.53091783481288	0.0113764494857977	0.0443082769446857
"57"	"XLOC_045642"	41.7413388415406	1.00734496122574	0.357127275167752	2.8147830379878	0.00488101745901925	0.0218552347564585
"58"	"XLOC_045643"	32.3918930748159	1.0287381570654	0.405467679093628	2.53114864788712	0.0113689655995758	0.0443041294648957
"59"	"XLOC_047122"	61.352458452363	1.49957464926299	0.309407584954699	4.82957104405045	1.36827490269088e-06	1.55772835075577e-05
"60"	"XLOC_048176"	223.55619972267	1.49484832840295	0.206017156420987	7.24904198645296	4.19729772818918e-13	1.27350873793634e-11
"61"	"XLOC_049032"	13.0129140289737	1.74659472741247	0.504945456518305	3.37816462242406	0.000729713821840577	0.00427164600780347
"62"	"XLOC_049620"	48.5832784332323	1.7166573980957	0.378548070541019	4.50802281346353	6.54345417538231e-06	6.4332905452491e-05
"63"	"XLOC_050676"	132.342892570797	1.60145565206553	0.415914466669854	3.84751207714606	0.00011932339682649	0.000872996987800749
"64"	"XLOC_050768"	7.01592982252326	1.50137556613279	0.541918073330937	2.69825425943645	0.00697041796880652	0.0295264285731311
"65"	"XLOC_052449"	181.279084505391	1.24011072161811	0.254439729566474	4.8704325496519	1.11354209622207e-06	1.29045751115084e-05
"66"	"XLOC_052452"	19.9991870828856	1.22404563452565	0.436483332900865	2.78615606880682	0.00533371849618513	0.0236096196812871
"67"	"XLOC_054109"	11.5507618069359	1.8159715823989	0.551684507757843	3.26785848246592	0.0010836453533364	0.00600964419636334
"68"	"XLOC_054113"	15.9296670500581	2.24736209882636	0.53852906293337	4.03061840248228	5.56302968893714e-05	0.000443201684500133
"69"	"XLOC_054241"	9.63885497219155	1.34400981793964	0.513946838154015	2.57465978831721	0.0100338727664741	0.0399459394653797
"70"	"XLOC_056030"	115.420904563724	1.95898833166906	0.259327768042585	7.52628628576258	5.22038138692286e-14	1.70105469461614e-12
"71"	"XLOC_056192"	208.742646128351	1.37665279541081	0.234959779807038	5.85461188390592	4.78125248070357e-09	8.35125433296223e-08
"72"	"TAS1R3"	144.096489788805	1.33346459328294	0.307082297803426	4.33781456220873	1.43906489243846e-05	0.000130865807385539
"73"	"MXRA8"	438.728153951977	1.3753224571896	0.321132587169247	4.28151233638733	1.8562743063987e-05	0.000164485586162971
"74"	"MEGF6"	4640.13766740088	1.49916212136926	0.194765346404333	7.69697230968375	1.3932807465432e-14	4.74743886010185e-13
"75"	"AJAP1"	30.7350260897685	1.98303366255833	0.512439836986765	3.84057900479918	0.000122744460480784	0.000895323400978722
"76"	"AL365255.1"	12.3050386504369	1.48748379140655	0.550338493194657	2.84082858564064	0.00449964912900878	0.0204163813042879
"77"	"AL109811.1"	67.6502067588959	1.09552694259605	0.275634823266977	3.9681023246925	7.24472279688439e-05	0.000559827363834175
"78"	"LDLRAP1"	16158.4041011473	1.18488338015472	0.153576200061888	7.71523366185476	1.20760787827794e-14	4.12202491972757e-13
"79"	"CRYBG2"	36.0757315303786	1.51481254928962	0.451475852326129	3.33983451734768	0.000838283248604813	0.00482560440141036
"80"	"BX293535.1"	49.0460145285703	1.41395333211644	0.370132960927831	3.80683682840302	0.000140755545855404	0.00101214293720226
"81"	"FGR"	701.56029569739	1.03907837140446	0.276675187992864	3.75524814796805	0.000173169819135023	0.00121910546600938
"82"	"THEMIS2"	2210.36739720495	1.02435160494355	0.215634790835518	4.75025223882966	2.03163073049063e-06	2.23168592650155e-05
"83"	"FAM167B"	17.5887271666758	1.5278724217435	0.456096454868791	3.30882586710896	0.000936880871812436	0.00531118314114021
"84"	"MARCKSL1"	1115.79232573129	1.61073755619517	0.165547978719299	9.72778145596372	2.29544547864812e-22	1.30128938421139e-20
"85"	"FAM229A"	779.356157570652	1.00272731771015	0.124875396765562	8.02896713792403	9.8296680787347e-16	3.69336443237419e-14
"86"	"AZIN2"	197.115194573479	1.17608420558585	0.193986419165354	6.05890735134359	1.37049298063081e-09	2.59737222956698e-08
"87"	"HPCAL4"	1180.21569451722	1.43061320106899	0.242099129689988	5.90850074357042	3.45235255814782e-09	6.15770114051241e-08
"88"	"CITED4"	140.34221320779	1.0646409477407	0.322888386296644	3.2954348039305	0.000982695026869645	0.00552406238937335
"89"	"BTBD19"	194.86909685263	1.0074565759567	0.234039155756225	4.3026742816799	1.68748837747087e-05	0.000151257626733265
"90"	"PODN"	24.9461645388157	2.2316151477002	0.457707716896783	4.75748183689958	1.96022888049664e-06	2.16088670608065e-05
"91"	"SLC1A7"	37.0702722373035	1.4282104359846	0.490994003056562	2.90608574820913	0.00365981140437877	0.0170650369187339
"92"	"NFIA"	124.299931437828	1.54149812016424	0.242329939819869	6.34994752830234	2.15388382118055e-10	4.60921628311794e-09
"93"	"LRRC7"	166.952756726023	1.5838064982469	0.212532173916669	7.44108863294034	9.98589153663082e-14	3.18956285193078e-12
"94"	"AK5"	954.42361945558	1.61758809646199	0.201285083857393	8.03438177507875	9.40519172603807e-16	3.54073509095973e-14
"95"	"AL049796.1"	38.6080929614055	1.26325150436564	0.40276429039684	3.12715741363551	0.0017650539473288	0.00912247118001292
"96"	"AMIGO1"	2078.93327154662	1.00534541272915	0.150215405515532	6.69243233073313	2.1949125686667e-11	5.38670441535569e-10
"97"	"GPR61"	10.2183510315379	1.55677866038786	0.523548722458614	2.91457266769035	0.00356175877302252	0.0166560587733286
"98"	"GSTM2"	693.280696728883	1.17393847485642	0.268388795515053	4.37331728822404	1.22372667453469e-05	0.000112871611635959
"99"	"KCNC4"	494.913706064247	1.07491346496985	0.17652323847593	6.08837018744645	1.14065884661129e-09	2.18961323941582e-08
"100"	"C1orf162"	1500.26111786719	1.2323183708895	0.169407335484251	7.27368814248334	3.49803025087641e-13	1.06971309943205e-11
"101"	"AC243547.2"	8.36295653219402	1.68439030241174	0.537191906515611	3.044381871643	0.00233158976193771	0.0115999133447391
"102"	"TXNIP"	23613.8623666894	1.12438321379817	0.112005212782076	10.0386274854303	1.03098659999403e-23	6.4066564745783e-22
"103"	"AC245100.4"	331.029922002525	1.28843791856653	0.200149062308376	6.4348798076571	1.23571073274582e-10	2.74118531881875e-09
"104"	"MINDY1"	447.866889303998	1.63779324819556	0.166262332894237	9.84524786540273	7.18618732283836e-23	4.19656023539729e-21
"105"	"SEMA6C"	269.794629825414	1.71009065169581	0.195400796360455	8.74230284098389	2.28406247992904e-18	1.02271139401534e-16
"106"	"THEM4"	4432.33111502515	1.2463384248165	0.163340150268784	7.63012216527686	2.3453135741097e-14	7.79947505571851e-13
"107"	"IL6R"	2018.81436737695	1.05745364538271	0.16205063598956	6.52522747870693	6.78984055823036e-11	1.55973256804467e-09
"108"	"PBXIP1"	13921.8011970281	1.03339621396242	0.0915051332968013	11.293252215665	1.41694816158552e-29	1.20490311214123e-27
"109"	"EFNA1"	116.37644342246	1.44073113940699	0.438572076201472	3.2831051707787	0.00102670354290545	0.00572991603046943
"110"	"ARHGEF11"	1065.64826197367	1.67688593349449	0.248399932829798	6.7492483620248	1.48613011491422e-11	3.74682583458476e-10
"111"	"FCRL6"	942.635075897897	1.67680783251018	0.298374446076944	5.61888874166763	1.92189560591054e-08	3.05423868913062e-07
"112"	"FCER1G"	611.587829875938	1.01709023559544	0.204516968844122	4.97254075808734	6.6081072331068e-07	7.96258440245337e-06
"113"	"FCRLB"	23.093174094109	1.55678248275413	0.448124661406358	3.44079095925641	0.000580016451837103	0.00351857289368515
"114"	"GPA33"	603.034926243995	2.19606565522117	0.277410407885378	7.91027322776588	2.56824600854894e-15	9.30713151658819e-14
"115"	"AL356273.3"	74.6733335621147	1.23663173188261	0.282499980338925	4.36886360397073	1.24894737005943e-05	0.00011481551261599
"116"	"HMCN1"	9.79827644171911	1.36529542003979	0.537298791817799	2.52071527056157	0.0117116576471442	0.0452772918171152
"117"	"LGR6"	212.381138261325	1.10913621263996	0.315989602314706	3.50899311098308	0.000449806555459726	0.00283512662459466
"118"	"PPFIA4"	39.9209343032966	1.19804288352367	0.35284030435433	3.3839067710738	0.000714622640808972	0.00420343448633398
"119"	"SOX13"	149.218390164353	1.02608717677212	0.338770607414844	3.02758883489665	0.00246513246045254	0.0121551343192406
"120"	"FCMR"	17672.8375765989	1.1518974719144	0.115705691484569	9.95535228878643	2.38974974497362e-23	1.44788962673589e-21
"121"	"CR2"	413.125653835966	1.73626025511033	0.308474972445021	5.62569262130912	1.8476509972233e-08	2.94777197594843e-07
"122"	"CR1"	241.866031292403	2.26596579713838	0.512671013056278	4.47109926203914	7.78185667660011e-06	7.48757504942546e-05
"123"	"AC231981.1"	30.7608328717739	1.08718054644232	0.391708192728392	2.76835235927145	0.00563405061847409	0.024674265505077
"124"	"TRIB2"	5178.15227336129	1.11184668785215	0.384445799924548	2.89255911787854	0.00382117262548235	0.0176898029758481
"125"	"AC006369.1"	70.3008537694931	1.32244702087697	0.379381730027964	3.4795443785623	0.000502267174617041	0.00311714339996005
"126"	"PLEKHH2"	91.5550266001408	1.18056660064267	0.395362830684109	2.98280145782171	0.00285623212060147	0.013819972137315
"127"	"CEP68"	2058.46784162732	1.05633448377228	0.169283747244064	6.23975773227224	4.38249115066464e-10	9.00081974884386e-09
"128"	"ALMS1P1"	57.6992956099382	1.04460022375998	0.381664050200385	2.73370205872638	0.00626266846453619	0.026958396134642
"129"	"SEMA4C"	1442.68563156488	1.22236331979043	0.165007276145675	7.4073123357325	1.28884674993897e-13	4.0830328084668e-12
"130"	"FAM178B"	37.8467122453299	1.28478280552982	0.369265916027394	3.4669034590507	0.000526490947985104	0.00325083009539338
"131"	"C2orf40"	74.9273577063166	1.83816169153711	0.297442799267315	6.14964407595089	7.76570158685586e-10	1.53634104455063e-08
"132"	"EDAR"	424.064341159042	1.008453029231	0.270149074406163	3.73233439687121	0.000189713419094885	0.00132212932042114
"133"	"SH3RF3"	614.773546818162	1.31324766909154	0.269971735578436	4.86343807434244	1.15364129612049e-06	1.33214993741418e-05
"134"	"AC079922.2"	334.013237693182	1.12974860681931	0.174722106718922	6.46390572413109	1.02034455383813e-10	2.29228739395291e-09
"135"	"TFCP2L1"	72.5494840124441	1.59681624018424	0.328403445729396	4.84545024720742	1.26324866534161e-06	1.44750975908056e-05
"136"	"ARHGEF4"	188.303629669627	1.55415366714261	0.307901797489551	5.04304111355557	4.58190754124783e-07	5.70546071995587e-06
"137"	"AC112255.1"	42.1332451208197	1.17238842579079	0.370472562033282	3.15768965786432	0.00159024754672891	0.00835774449335326
"138"	"LINC01876"	35.595165169847	1.25227181654501	0.370248646181219	3.37042309040278	0.000750528531874371	0.00437763152105304
"139"	"AC013468.1"	16.4200763294531	1.21607960378722	0.471129433195425	2.56399155972329	0.0103476060825755	0.0409678143208032
"140"	"LINC01825"	16.901557728266	1.25664452351529	0.465732346272615	2.67528669443406	0.00746653696476594	0.031313263827143
"141"	"AC013264.1"	330.440537995506	1.26295302925744	0.20442213768897	6.17566330435507	6.588626398083e-10	1.31284983151113e-08
"142"	"KLF7"	2131.47039904178	1.26601075976803	0.200741399218928	6.30630065090686	2.85783650682063e-10	6.00951563928832e-09
"143"	"TMEM169"	98.4412060804591	1.0848507463574	0.254728953501108	4.25462043765457	2.09403924789206e-05	0.000183292248027681
"144"	"CXCR2"	20.9728574343078	1.30781221228202	0.462809328402328	2.80876067200458	0.00497326024536459	0.0222323194920749
"145"	"AC053503.2"	4.92293090487071	1.58222488889652	0.552487392777914	2.70550958908526	0.006819967923981	0.0289714150109868
"146"	"EPHA4"	439.588700341659	1.51973457860386	0.22112103103689	6.86954208320967	6.44083154633203e-12	1.68749786513899e-10
"147"	"NMUR1"	44.4739392399834	1.73282475896086	0.476007986381287	3.62819762514493	0.000285406761180741	0.00188855504633863
"148"	"COL6A3"	139.459790442306	1.21881686731106	0.386859219508977	3.14954435912534	0.00163525281049294	0.00855947124455645
"149"	"AC093642.1"	21.8859628178689	1.21541768081511	0.48285152370797	2.50470611896888	0.0122553174478356	0.0469518302843329
"150"	"WNT7A"	185.757953871163	2.60604056230242	0.373929121480199	6.93999813319604	3.92105123521088e-12	1.0558519631704e-10
"151"	"AC093495.1"	72.1714876521322	1.29761720638907	0.279808679975953	4.62699155001844	3.71015645358313e-06	3.84460252923943e-05
"152"	"PLCD1"	851.743951138604	1.66867035284475	0.154070059351386	10.8274922390902	2.55044628747067e-27	1.93913931848947e-25
"153"	"DLEC1"	149.872321414724	1.92398578414119	0.261365553842246	7.34374159414155	2.07703954731748e-13	6.46382708561658e-12
"154"	"ACVR2B"	902.507911770835	1.33788728165735	0.203186738582762	6.58339588738827	4.59822616555771e-11	1.07539697102331e-09
"155"	"TTC21A"	67.527060482241	1.35338267840511	0.33497442210121	4.03057641402606	5.56402362323769e-05	0.000443201684500133
"156"	"VIPR1"	1852.1581631755	1.98619998406488	0.241060692371402	8.23786550623271	1.75310093579146e-16	6.90835791526926e-15
"157"	"ZNF662"	347.663769494639	1.05161301975691	0.204794618415053	5.13372729630084	2.84059602109342e-07	3.66911896448763e-06
"158"	"SNRK-AS1"	62.5500722918674	1.11212525286072	0.351085836627822	3.16175348854259	0.00156822259580241	0.00825541669492728
"159"	"CCR9"	28.2632829350462	1.12756643745796	0.453659363169859	2.4794292832477	0.0131592821429882	0.049874240899498
"160"	"ALS2CL"	221.884244388434	1.42223651421349	0.218770576374929	6.49564636559089	8.26776607673244e-11	1.87699588636638e-09
"161"	"TMIE"	38.2990114999425	1.8677847154332	0.370627860049191	4.98752005377336	6.11592731348131e-07	7.42489660324206e-06
"162"	"ZMYND10"	190.020073841679	1.03536568579651	0.213190949946679	4.85421290260415	1.2086583173782e-06	1.3907102348563e-05
"163"	"CACNA2D2"	288.373596482091	1.24170833378091	0.202786292884005	6.12046731906368	9.3301318069382e-10	1.81436906191492e-08
"164"	"FAM19A1"	29.1980581406591	1.02454150625291	0.386012037027628	2.64660743074513	0.00813036756985878	0.0337107712669851
"165"	"CRYBG3"	258.137273440574	1.43103509038701	0.247365607367234	5.7811755239212	7.41804438237034e-09	1.25498293617274e-07
"166"	"TBILA"	15.7346576789802	1.4797907395707	0.482231187274332	3.03550079632444	0.00240136589353804	0.0118860561511145
"167"	"KLF15"	19.6445534027777	1.45581695201373	0.44901331372242	3.21193269317185	0.00131845260498768	0.00709468751193481
"168"	"PLXND1"	1418.34622809661	1.02375564920895	0.203085649699927	5.04076275007548	4.63680019063389e-07	5.7664068053887e-06
"169"	"NME9"	11.0700765862738	1.33032000407072	0.517066394360555	2.54088407062725	0.0110572575688729	0.0433349726592498
"170"	"PFN2"	268.764802038137	1.38917932635224	0.184555570081107	7.52211476748899	5.38972393138923e-14	1.75035121577511e-12
"171"	"EPHB3"	12.8565383173079	1.95051846223835	0.515746984261766	3.66130059903878	0.000250938125841299	0.00169282824767262
"172"	"AC147067.1"	118.040380108999	1.27504309674283	0.237642911811052	5.35850647228922	8.39127311778431e-08	1.19713026642827e-06
"173"	"NSG1"	1579.32611289284	1.68882075712055	0.180130709376189	9.37407906585053	6.97822797906316e-21	3.64673541935517e-19
"174"	"LINC002481"	161.060257407485	1.40495815671033	0.36440316656119	3.85298534370894	0.000116686377511966	0.000856613209845511
"175"	"ABLIM2"	71.00110119344	1.35764262076088	0.289828461126724	4.67341635046476	2.96230388395175e-06	3.13157839160614e-05
"176"	"LINC01259"	162.49107429125	2.22853540457472	0.253232617254194	8.7685330782698	1.81009000689526e-18	8.16140117527566e-17
"177"	"KLF3-AS1"	696.018792382377	2.23965165067599	0.252619450131007	8.85900293865143	8.0733242675725e-19	3.67431011501633e-17
"178"	"KLF3"	3848.59603917914	1.09763012628034	0.200816086775383	5.46570411399036	4.61072888205026e-08	6.88166370786686e-07
"179"	"AC095057.4"	34.4148939711663	1.35833472172794	0.365661758768877	3.69727906808173	0.000217922735558534	0.00149613526806263
"180"	"SULT1B1"	557.295292992987	2.12114878045671	0.213745202031629	9.91561195879933	3.5606767243243e-23	2.12413539480614e-21
"181"	"ANTXR2"	594.710622959265	1.04400883038173	0.167970295768733	6.21460854663492	5.14527561778497e-10	1.04786348400856e-08
"182"	"PRKG2"	48.8476449703156	1.21380796821456	0.386975079787554	3.12955794340616	0.00175069541138795	0.00906099376294437
"183"	"CDS1"	29.8280584591341	1.16687357990843	0.404754057141352	2.87167028096997	0.00408308738025064	0.0187412164129497
"184"	"FAM13A"	53.4417771228255	1.1523667401781	0.33254196971006	3.457700771555	0.000544806129182389	0.00334156951363118
"185"	"LEF1-AS1"	414.910290437809	1.15419396437753	0.238030764844758	4.84769441618167	1.24904603011528e-06	1.43377764546329e-05
"186"	"PDE5A"	18.7170988912625	1.16760691634843	0.454148066251189	2.55663973845988	0.0105688611968287	0.0417160180953004
"187"	"MAML3"	152.090650932441	1.02986905775307	0.258480357649408	3.98212157323076	6.83028242971322e-05	0.000533276644026683
"188"	"FAM160A1"	61.3577244035789	1.22349059538235	0.33908014695016	3.60153563571793	0.000316343049274874	0.00207344795109576
"189"	"LINC02273"	554.406270169269	2.63639996311613	0.166981390598894	15.7627529100757	5.61335987922157e-56	1.3436027325722e-53
"190"	"TRIM2"	19.5108505550029	1.13465131991246	0.437330714690538	2.58255679682842	0.00980712182058836	0.0391799871950478
"191"	"AC097534.2"	29.3771331203535	1.26086953492314	0.414618834099316	3.02843998779597	0.00245819895835399	0.012127114861213
"192"	"ZDHHC11B"	59.0641938007398	2.12261277588697	0.319917353003108	6.57264078342679	4.94306122311389e-11	1.15049304914444e-09
"193"	"IL7R"	66178.2810648571	1.23793108585054	0.176016632959927	7.03303021851455	2.02095574883683e-12	5.64586312081391e-11
"194"	"GZMA"	1622.49675535263	1.12193702898776	0.284301959940953	3.94618854025188	7.94050958673243e-05	0.000606343441778529
"195"	"GCNT4"	1449.7910607932	1.0516311157694	0.139881109442444	7.51756511534654	5.58057669563034e-14	1.809301354095e-12
"196"	"RGMB-AS1"	5.84029470870448	1.40248527765072	0.547967945248811	2.49606857719131	0.0125578321362931	0.0479274113107187
"197"	"AC093535.1"	15.7547492886787	1.85877260172085	0.481740515147899	3.77200394109116	0.000161941697633986	0.00115092581881514
"198"	"ACSL6"	713.101281434539	2.06063147205647	0.176847092902949	11.6448248559712	2.43822041709848e-31	2.178443200309e-29
"199"	"TGFBI"	36.9380114775659	1.37447077928025	0.530519608438023	2.60550820229985	0.00917380770376332	0.0370854428191333
"200"	"KLHL3"	791.908069815153	1.1542956349169	0.238509219248149	4.83902827132962	1.30475487705966e-06	1.4924240446273e-05
"201"	"CD14"	18.651367785972	1.62344896853393	0.509362560359633	3.16251522803886	0.00156412554809157	0.00823608531406826
"202"	"PCDH1"	27.2794522830074	1.13698716689563	0.41081758230492	2.75648678800946	0.0058425973003865	0.0254610646122485
"203"	"ADRB2"	292.104504417294	1.27407234470023	0.33961996016533	3.75044333260834	0.000176522195817632	0.00123955535404283
"204"	"HAVCR1"	156.681707457706	1.50961901810521	0.329726349446833	4.57239679485099	4.82176734335778e-06	4.88169322470082e-05
"205"	"CDHR2"	29.2270159096449	1.40553249789529	0.422016527685902	3.31295753871151	0.000923149939107677	0.00524407589200692
"206"	"GFPT2"	47.2210605818723	1.66949499710571	0.395131848553392	4.20520382077903	2.60846977465659e-05	0.000223774389340894
"207"	"TRIM7"	33.9150641123797	1.53796025054792	0.407495049159973	3.75379715223188	0.000174175832086186	0.0012248534756935
"208"	"SLC22A23"	497.332511059968	1.63615371326928	0.163447862372851	10.0053244613787	1.44417499440107e-23	8.88878247347554e-22
"209"	"FAM8A1"	1844.38459754838	1.12852863701409	0.18429156059138	6.12324842778817	9.16865700721513e-10	1.78655198046117e-08
"210"	"COL11A2"	115.76980674687	1.40693730816901	0.272550990732664	5.15499105267059	2.53643039852575e-07	3.29988339156899e-06
"211"	"PACSIN1"	31.4099337790763	1.50808063962586	0.395355739685895	3.78962980763989	0.00015087195601638	0.00107778389213176
"212"	"PPARD"	2396.13025093049	1.01063455674345	0.14234283937203	7.09977450478615	1.24960608799848e-12	3.56284747560507e-11
"213"	"STK38"	12715.9293531042	1.09519824372626	0.126279443727176	8.6727506108035	4.21805101311342e-18	1.84604002352693e-16
"214"	"PI16"	19.310256541602	1.4353883568177	0.540899210295325	2.65438751172541	0.00794525253415373	0.033049250403813
"215"	"CRIP3"	43.5521666752411	1.34872531116386	0.325135708963503	4.13158899203534	3.60264163518904e-05	0.000299263136345523
"216"	"TCTE1"	6.08391108264346	1.41710303590998	0.548682534369478	2.52486872298052	0.0115741515925699	0.0448978893710975
"217"	"AL096865.1"	42.1163585842177	1.26353012513676	0.334019651874147	3.770113780255	0.000163173139033809	0.00115713270650603
"218"	"AL035701.1"	33.1650634009677	1.17576571663275	0.375192818655808	3.12237261927932	0.00179399720061826	0.00925832624413886
"219"	"SH3BGRL2"	350.06563357371	1.40628897655567	0.333714279257589	4.21255454170032	2.52498718067722e-05	0.000217962829291941
"220"	"NT5E"	2778.5334121533	1.36616418036133	0.190736110755522	7.16219822020748	7.93935072292167e-13	2.32519836580068e-11
"221"	"KLHL32"	106.654526089833	1.33850153691093	0.245038111974182	5.45361756814549	4.93552881569927e-08	7.30458264723492e-07
"222"	"WASF1"	91.6593087562282	1.54927779505064	0.330243222793593	4.68048865404677	2.86191950521839e-06	3.0470563079173e-05
"223"	"SLC16A10"	737.945884230143	1.17361463835462	0.205883424639599	5.69944253566459	1.20199832040165e-08	1.96993604699469e-07
"224"	"STXBP5-AS1"	59.1124135893404	1.00274171253507	0.297553506179789	3.36509383271588	0.000765176323686212	0.00444834739539079
"225"	"AL627422.2"	21.9228543113997	1.25101906167455	0.420713086319308	2.9569345993003	0.00310714014305915	0.0148454848213186
"226"	"AL022069.1"	15.7401813918564	1.38818959264365	0.472011327328931	2.91191859147718	0.0035921624248318	0.0167778475289422
"227"	"RNASET2"	3013.27425633442	1.14209677590005	0.172901040576701	6.60530737389655	3.96693404859535e-11	9.37938016270326e-10
"228"	"GPR146"	132.493628458254	1.32254301706095	0.297359665743031	4.44275048374501	8.88161425496756e-06	8.44930015580525e-05
"229"	"MAD1L1"	218.46588143596	1.05226975186745	0.212699790211545	4.94519118651038	7.60691705549303e-07	9.07587125365532e-06
"230"	"ZNF815P"	619.383795138907	1.17998042338762	0.205956365655881	5.72816866632063	1.01520603857593e-08	1.68085522424511e-07
"231"	"OCM"	122.148024238591	1.71419867655911	0.285105981420669	5.9983803673208	1.99295261866993e-09	3.68164386214342e-08
"232"	"MTURN"	541.901120385731	1.22593368942975	0.135659450399593	9.03469370790866	1.64462349673977e-19	7.81518636146828e-18
"233"	"KIAA0895"	102.216991562179	1.03408048678691	0.260391126171311	3.967606410474	7.2598100135743e-05	0.000560769707343341
"234"	"LINC00957"	160.570050437033	1.00691814866771	0.238615870219184	4.21811942404212	2.46348339970092e-05	0.000213128139908083
"235"	"IGFBP3"	89.4687740242982	1.48315434183933	0.337320542081372	4.3881907051641	1.14297533819428e-05	0.000106334001232777
"236"	"AUTS2"	458.833263940248	1.19045402702002	0.1778921649389	6.69041138379416	2.22544089750997e-11	5.4547216334922e-10
"237"	"TRIM74"	22.972375492564	1.29369498561938	0.435165446009403	2.95692567110087	0.00310723011166242	0.0148454848213186
"238"	"TRIM73"	37.659803798145	1.08651680526513	0.356151459469207	3.04267363582622	0.00234486493347672	0.0116539967521781
"239"	"GNAI1"	105.376200623864	1.17438777622597	0.405483873783976	2.89337350818676	0.00381127770490941	0.0176484513571068
"240"	"GAL3ST4"	1121.00230155407	1.64536765169009	0.247652728670277	6.64254571106962	3.08311000084783e-11	7.40710491901334e-10
"241"	"GPC2"	385.264370343801	1.02814055779068	0.181859726544311	5.65225735261373	1.58354256163555e-08	2.54997700872011e-07
"242"	"NYAP1"	9.22561848764029	1.36680693766118	0.515811046003883	2.60645983633299	0.00914835522709516	0.0370389737471404
"243"	"FBXO24"	51.3307638945203	1.54750449947342	0.324430689090946	4.74779330609044	2.05648037379598e-06	2.25514940538215e-05
"244"	"LAMB1"	22.7729219687424	1.5366536734581	0.469513949736093	3.24081917848785	0.00119186760123521	0.00650377963770002
"245"	"NRCAM"	3235.15442227037	1.45106064076395	0.386477197001244	3.75560437841063	0.00017292367220884	0.00121781480449873
"246"	"EPHA1"	821.899463792276	1.35822027467062	0.234860969069718	5.78219237140715	7.37333209329595e-09	1.24850797052246e-07
"247"	"EPHA1-AS1"	67.9022994327786	2.50427852452549	0.35634168158415	6.94333762303829	3.8294272322782e-12	1.03261384116008e-10
"248"	"AC004889.1"	86.7125331355495	1.24783327099378	0.388699323034067	3.20715394959983	0.00134055235444108	0.00719364213891606
"249"	"OR2A1-AS1"	43.0657527087576	1.17099256286752	0.333922856260968	3.49697680355427	0.000470562747390726	0.00295060496326371
"250"	"ZNF467"	61.1688586275704	1.19931584334999	0.331526606184801	3.60959378765783	0.000306676878986956	0.00201417727974224
"251"	"SSPO"	50.8898216355598	1.11276652186582	0.341920912263144	3.24748660653446	0.00116429143772491	0.00638565272831981
"252"	"AC004877.1"	85.9135347379545	1.60611749725388	0.26677189962096	6.00183122664331	1.95104446766019e-09	3.60943226517135e-08
"253"	"KCNH2"	49.2179850424003	1.28437786876967	0.346984297886704	3.69157933621516	0.000222865855089505	0.00152467297052764
"254"	"ATG9B"	480.128532202659	1.38069725772265	0.182183259193635	7.57611440343034	3.56057860557003e-14	1.17802897619099e-12
"255"	"WDR86"	19.5825421461094	1.40621364546784	0.439412794285387	3.16917507413363	0.00152872280818597	0.00806719591864713
"256"	"WDR86-AS1"	30.9974610349698	2.31370187201906	0.450843902151032	5.02123911727776	5.13391989199181e-07	6.34394129164673e-06
"257"	"AC005534.1"	14.6967190577769	1.30174144216121	0.468798578836335	2.74988449150322	0.00596162757126229	0.0258693006606162
"258"	"AC068587.2"	23.6174285035559	1.17904435960837	0.412747492582463	2.84146954401298	0.00449061409871301	0.0203801559330168
"259"	"AC068880.4"	14.7837916451158	1.83281104094482	0.493570320868274	3.62861469074698	0.000284946155684782	0.0018880815378989
"260"	"CSGALNACT1"	1120.5038251747	1.70785460390834	0.219163725050765	7.79095549727423	6.65043369205149e-15	2.33584435546185e-13
"261"	"SORBS3"	1654.88446682133	1.5036122107201	0.143099981791198	10.5062691508257	8.08281562228118e-26	5.65738733880099e-24
"262"	"PDLIM2"	1043.9273150522	1.04504575023263	0.174247324914305	5.99708546142642	2.0089035129553e-09	3.70184484759707e-08
"263"	"TNFRSF10D"	570.028595113843	1.80700412184225	0.16735499270121	10.7914528526756	3.77769640076871e-27	2.84988240537369e-25
"264"	"AF106564.1"	23.1859866143299	1.51375150891577	0.434918073373982	3.45056656135505	0.00055941120264597	0.00341648012344449
"265"	"NEFM"	6.43049984890675	1.44606493944285	0.549562629241499	2.57698786644453	0.00996654490816655	0.0397105163747499
"266"	"CLU"	66.5160373581491	1.65303906682676	0.391146235760198	4.21342806359361	2.51523720587232e-05	0.00021721790177039
"267"	"CEBPD"	79.7902234522952	1.40971656485631	0.275900534002969	5.09671647456261	3.4559532677207e-07	4.40236675128573e-06
"268"	"AC055822.1"	209.37905821443	1.37358790494599	0.192381552203944	7.13395348426819	9.75263012684348e-13	2.82636760686459e-11
"269"	"PDE7A"	8720.79578268179	1.04280759771147	0.10677728885026	9.76610355046189	1.57389068251315e-22	9.02798596229735e-21
"270"	"AC103760.1"	97.6056956170609	1.4078632760034	0.294324083880558	4.77454233366885	1.80116393243679e-06	2.00005534490747e-05
"271"	"TMEM65"	795.870973008301	1.00833053726999	0.189610654159076	5.31730689259303	1.05314357756396e-07	1.47318525842785e-06
"272"	"AC108925.1"	23.2215847168964	2.60053538515889	0.521215085736271	4.77289830460901	1.81593497660401e-06	2.0153032241785e-05
"273"	"LRRC6"	124.279811243542	1.34168791861483	0.294600300666924	4.54924889063494	5.3837735980342e-06	5.3887765884712e-05
"274"	"TMEM71"	2105.87454050046	1.40567609264229	0.152386617923398	9.22368446613523	2.8706288401091e-20	1.43073912473098e-18
"275"	"NDRG1"	2077.46385986665	1.10839828521335	0.126855462463057	8.73713163115342	2.3910382435607e-18	1.06814399691601e-16
"276"	"PEG13"	259.544994044013	1.79909313175645	0.179742016525182	9.99639749601269	1.58042083420701e-23	9.69658200430553e-22
"277"	"NRBP2"	665.595594698795	1.32666191153014	0.1730993862191	7.66253834458903	1.82293680002775e-14	6.11472295483356e-13
"278"	"EPPK1"	170.857975585536	1.65537177436894	0.384099676583501	4.30430694000543	1.67509292213404e-05	0.000150424740964959
"279"	"GLIS3"	76.7302746097618	2.13768356047407	0.389259624563324	5.46223316951131	4.70181942213374e-08	7.01222115048684e-07
"280"	"SPATA6L"	76.656819942529	1.61442886209851	0.298040094763818	5.39856388828821	6.71764465169625e-08	9.74862982837478e-07
"281"	"AQP3"	2337.7028818435	1.37580101110834	0.210270623506122	6.54256174482524	6.04738543592863e-11	1.39247872721834e-09
"282"	"RMRP"	92.1831957837166	1.16853106136379	0.321981172373072	3.62522501734068	0.000288709957275015	0.00190650839633787
"283"	"TPM2"	1472.49014180865	1.67598105420357	0.142744431946132	11.7390858040164	8.03502825206989e-32	7.34826074297788e-30
"284"	"FAM201A"	21.3541495896176	1.28658350783516	0.436692534714738	2.92616985905584	0.00343163515550972	0.0161408399793844
"285"	"AL358113.1"	48.291462900126	1.32965825030084	0.320311983253809	4.13666171788046	3.52395026815899e-05	0.000293606995268872
"286"	"AL161729.1"	45.280809087377	1.02349229656051	0.36526664239757	2.79647553027729	0.00516633230080842	0.0229577929516557
"287"	"AL161729.4"	18.4327348681148	1.34780718267045	0.467325428292496	2.86128192640917	0.00421931663657782	0.0192888731313301
"288"	"AL160269.1"	20.0584639831673	1.26018342477464	0.475546163735846	2.63649328689081	0.00837678576728595	0.0345698430089698
"289"	"CDC14B"	361.280168206291	1.50269981690974	0.191063780432821	7.86081756126522	3.81634289012434e-15	1.36263823119209e-13
"290"	"HEMGN"	167.37512100678	1.03368438138743	0.209486352140403	4.93183174135825	8.14620741056239e-07	9.67761453896958e-06
"291"	"ZNF483"	69.4869112623382	1.01510509148725	0.312594795002869	3.24394421071215	0.00117886833561062	0.00645282306347224
"292"	"STXBP1"	973.884534428131	1.74124191560828	0.191122599225074	9.10798022002914	8.39298607703242e-20	4.04784114580857e-18
"293"	"TTC16"	1056.90164157976	1.30553448176867	0.187693078913333	6.95472517750061	3.53249985019512e-12	9.56537808597527e-11
"294"	"AL162586.2"	10.4225128128572	2.04903081841946	0.535855781922548	3.63908361720427	0.000273609953841956	0.0018223118464747
"295"	"PHYHD1"	67.5179618431898	1.19700244026181	0.318945855368959	3.74629159426141	0.000179467968353634	0.0012584177108283
"296"	"IER5L"	108.639794018514	1.13009815606228	0.275609770727102	4.09686812543099	4.18777306393639e-05	0.000341863343846732
"297"	"AL158151.1"	96.8674791784484	1.04778136779075	0.257072435663385	4.07204702362141	4.66017679425495e-05	0.000376566388296186
"298"	"LAMC3"	37.5407798550261	1.45673236633368	0.463055240702791	3.13752409585444	0.00170381268941218	0.00885379802260073
"299"	"FCN1"	5.67945640515317	1.2906416836829	0.529225202609338	2.73525241434619	0.00623324577783626	0.0268735088149187
"300"	"EGFL7"	33.7334801117481	1.91310073110565	0.385538974540412	4.90281171565588	9.44745291257679e-07	1.1121263938618e-05
"301"	"PTGDS"	28.0038247517312	1.36847351527647	0.549370882449685	2.52914499757081	0.0114340779361231	0.0444612721671792
"302"	"CLIC3"	87.4393854728004	1.09396549982329	0.344872418663086	3.16807917713687	0.00153449723299404	0.0080932623376737
"303"	"SIGIRR"	4209.09486774043	1.68632984963432	0.118153932472505	14.2714795059039	3.29512877891501e-46	5.36856779542892e-44
"304"	"C11orf21"	4174.10720623835	1.25260197728825	0.215499684811905	5.8124211031666	6.15757070466469e-09	1.05742232791886e-07
"305"	"TSPAN32"	2506.81491105566	1.28187431349999	0.211443893629227	6.06216691550658	1.34299730828089e-09	2.55024797384425e-08
"306"	"TRPM5"	21.1182778787035	2.04544647200412	0.445952139059493	4.48161339894006	7.40808518784426e-06	7.1634890584501e-05
"307"	"DCHS1"	994.773588079814	1.14526800775226	0.415023883065342	2.76025230850773	0.005775673635049	0.025220441539714
"308"	"DKK3"	101.764598658694	1.00608592328198	0.266635000872469	3.77025822793184	0.000163078721194685	0.00115713270650603
"309"	"SPON1"	142.569041677741	1.19206172947923	0.335968507209938	3.54552862271328	0.000391826431346579	0.00251547379170446
"310"	"TMEM86A"	63.1702966994586	1.46238463956216	0.336101269929247	4.33710334910223	1.44372750639394e-05	0.000131228264856849
"311"	"AC103974.1"	5.81236454597128	1.48677409507895	0.550897841226863	2.62371049752154	0.00869776804673776	0.0356591936752277
"312"	"DCDC1"	12.8671346167439	2.13483583091355	0.5236075487066	3.89528532552006	9.8083200204402e-05	0.000732525841896358
"313"	"DEPDC7"	178.942227151336	1.25668499961459	0.225806463526948	5.56087418065629	2.68426670934408e-08	4.18348576855008e-07
"314"	"TSPAN18"	32.0327223585426	1.85041100015885	0.484185900335281	3.79096849025574	0.000150060993047511	0.00107278117006089
"315"	"LARGE2"	55.5687151129314	1.05972914039539	0.309770076901787	3.41478125168229	0.000638332536571003	0.00382210970322378
"316"	"DTX4"	75.4066391616819	2.07212953219964	0.304447952057965	6.76118350117975	1.36869037588141e-11	3.46425182866694e-10
"317"	"RASGRP2"	13425.6563890096	1.0844513366387	0.138898597637654	7.8074496343043	5.83567842459292e-15	2.05712969629104e-13
"318"	"CD248"	920.159988373518	1.13124292127022	0.15762931928812	7.17588441647922	7.18412310812887e-13	2.12650044000615e-11
"319"	"CTSF"	1012.09471155159	1.22383811327043	0.16189750620241	7.55850437149032	4.07730312945372e-14	1.33757619414296e-12
"320"	"AP003717.1"	91.4319348127578	1.28919038584561	0.269828343512809	4.77048518705113	1.83782701292877e-06	2.03726644520658e-05
"321"	"AP002360.3"	32.1113558367414	1.02712524977059	0.380196554065119	2.69446759987594	0.00705011806470726	0.0298054271780515
"322"	"AP002884.1"	28.392601353221	1.03149265391417	0.405294692411729	2.53630265578385	0.0112029865239352	0.0437998593922275
"323"	"IL10RA"	10902.0962322372	1.10094382858878	0.16472940347353	6.68330129715164	2.33618557154912e-11	5.69735419637665e-10
"324"	"SMIM35"	111.721797098576	2.1154236396366	0.339324798322364	6.21127467578179	5.25565124104589e-10	1.06586366382215e-08
"325"	"AP002954.1"	50.695056429627	1.09345579558087	0.378409762796205	2.88416951743374	0.00392447435730145	0.0181074985338792
"326"	"BCL9L"	11287.9485073033	1.09837150332698	0.103005859666767	10.6631093066271	1.51447904380057e-26	1.09155091826043e-24
"327"	"SORL1"	22958.2193127083	1.43167503323321	0.137818133973691	10.3880761385418	2.80963080696099e-25	1.8914278501861e-23
"328"	"AP001977.1"	16.2157200223841	1.23301808749702	0.475418116186329	2.57173930494658	0.0101189055704486	0.0402101539659474
"329"	"AP000866.5"	27.4901001557439	1.41878158925874	0.410495397949854	3.4356731421873	0.000591083631190071	0.00357452571475767
"330"	"VSIG2"	41.7673563421348	1.8144803631136	0.376893391600715	4.77463692766472	1.80031755944739e-06	2.00005534490747e-05
"331"	"ESAM"	87.3269899229196	1.29015600937048	0.387126221982593	3.32757614527688	0.000876050439790484	0.0050088074098077
"332"	"NMT2"	2807.2452624041	1.03686471976437	0.216734086190169	4.78391276588236	1.71915318161566e-06	1.91998513163389e-05
"333"	"ARHGAP21"	1184.07948880369	1.1508170924617	0.168405566671267	6.83299009071015	8.31627026865138e-12	2.16133844461948e-10
"334"	"SVIL"	738.669243310545	1.2275780945663	0.168650147013106	7.27762500032278	3.39748156719352e-13	1.04225273140424e-11
"335"	"AL513534.2"	75.8598227779937	1.10797829898549	0.300981401059219	3.67577112167889	0.000237132052429791	0.00161203233958934
"336"	"CDH23"	502.453519497733	2.2330066543067	0.226666353595827	9.84124640389431	7.47786004320682e-23	4.35377629182264e-21
"337"	"VSIR"	3485.28398572566	1.09680144769488	0.12748770301683	8.60296196701537	7.76847243860342e-18	3.33219344335494e-16
"338"	"SFRP5"	464.660637179624	2.9231066933272	0.168854802127706	17.262770482158	8.97019449505683e-67	3.70030065681195e-64
"339"	"GOLGA7B"	357.281526130305	1.49483384461646	0.219562115023039	6.80469410632699	1.01264169657118e-11	2.6107842038726e-10
"340"	"CALHM2"	715.089007277385	1.02996024586374	0.300472117886943	3.42757896852059	0.000608989153125838	0.00366907448750893
"341"	"SLC18A2"	64.1395016101578	1.18546938391821	0.379419427179609	3.12058504793054	0.00180492170032334	0.00930686753347579
"342"	"CALY"	27.1904457492869	2.5477234909668	0.442045742269976	5.55481942416009	2.77898893506022e-08	4.3103229978358e-07
"343"	"AC005842.1"	141.889195196483	1.15940736275937	0.372940730107955	3.10698831881446	0.00189003866878112	0.00965588134659507
"344"	"SCNN1A"	26.2049039440654	1.06477270080676	0.397186415511257	2.67063539541496	0.00757078318790271	0.0317024502045481
"345"	"AC125494.2"	56.0778615591528	1.0285347047257	0.313892032243525	3.27122275806624	0.00107083526223773	0.00594710801038818
"346"	"P3H3"	126.435781587474	1.51155082968509	0.407366854045861	3.70778061283292	0.000209083670760462	0.00144064749786688
"347"	"BTG1P1"	50.8818292921998	1.03475462750597	0.40837446501764	2.53073136092295	0.0113824989113137	0.0443140339141665
"348"	"AC016957.2"	321.356951972083	1.16011505450339	0.164872502457013	7.03385231011396	2.00907784725794e-12	5.62077940874991e-11
"349"	"CCDC65"	392.886707331019	2.26342089568688	0.224570933892432	10.0639391126223	7.9742393606694e-24	5.01962833521618e-22
"350"	"WNT10B"	57.1473359173877	2.29699502376044	0.426639041531948	5.33307894469453	9.6561305627013e-08	1.35858533635452e-06
"351"	"WNT1"	10.5608910490233	1.469080451146	0.512664858667896	2.8134218006375	0.00490173068328836	0.021942912603924
"352"	"AC139768.1"	1483.20005500371	1.1113223602608	0.144772907207937	7.67583691575795	1.64342102378231e-14	5.54132987984199e-13
"353"	"AC139768.2"	66.0919703425596	1.5715703737836	0.304744776809144	5.13730476998323	2.78706762711397e-07	3.60478099763079e-06
"354"	"SMAGP"	154.756933788538	1.31220104500493	0.246657077495086	5.31497325444192	1.06672993733764e-07	1.49111463771465e-06
"355"	"CELA1"	61.176002602724	1.47744872963749	0.348271106456274	4.23080734109644	2.32854048992212e-05	0.000202447278110359
"356"	"KRT72"	640.312828298361	1.51915937837132	0.294240283869136	5.16145773031894	2.45034223267884e-07	3.19698756441301e-06
"357"	"KRT73-AS1"	348.229121960094	1.77060584640769	0.346374205682457	5.10813435274607	3.25355282594382e-07	4.16643871792594e-06
"358"	"KRT73"	224.131403405125	1.51603789960608	0.305146221524039	4.96374809906419	6.91456140536427e-07	8.31119135320536e-06
"359"	"KRT2"	27.4241632810056	1.38120764341688	0.429277543343309	3.19662267498952	0.00139046686051007	0.0074204160450232
"360"	"ITGA5"	3304.83306486056	1.27328474309445	0.155157557002684	8.20605857075829	2.2856794558357e-16	8.89854483729769e-15
"361"	"ERBB3"	260.50520304869	2.98129976985114	0.199937166750178	14.8255928033651	1.00092370885858e-49	1.90254008503433e-47
"362"	"LRP1"	251.278834632699	1.33524554781028	0.219997680462312	6.06553171463762	1.31517813780692e-09	2.50478131000005e-08
"363"	"GLI1"	30.7472172363419	1.01071418051182	0.384301349731534	2.62183724700432	0.00874571851465681	0.0358050207135053
"364"	"DYRK2"	7625.09668295925	1.00806709973328	0.164740468862753	6.11905731962676	9.41305431046999e-10	1.82866029029451e-08
"365"	"AC020656.2"	174.86520693612	1.05871576197912	0.270157349294643	3.91697916321838	8.96654956040745e-05	0.000675120244183222
"366"	"LYZ"	40.6279728713398	1.51177958136464	0.53633457173973	2.84170881386012	0.00448724553614446	0.0203696362572626
"367"	"GLIPR1"	1760.40933183028	1.07840685760668	0.212412228704866	5.07672747837462	3.83991007956939e-07	4.84373302685044e-06
"368"	"NTN4"	8.29637948702342	1.39687152661639	0.527144697697043	2.60211018349275	0.00926520794415136	0.0373637870173585
"369"	"AC068643.1"	13.8268844384825	1.34825462440605	0.522037755894091	2.56214688117693	0.0104027313306663	0.0411608479671344
"370"	"C12orf42"	183.251457670311	1.35168578801811	0.21110921717676	6.39689028298603	1.58573182281363e-10	3.46608439466862e-09
"371"	"TCP11L2"	1363.86300670772	1.13823625909666	0.198689395353803	5.72826402788997	1.01463564089469e-08	1.68085522424511e-07
"372"	"CMKLR1"	149.436288183242	1.11527532079903	0.395058175867627	2.82234507463386	0.0047673849820684	0.0214270613701942
"373"	"SLC8B1"	2551.31280463414	1.03547504248667	0.144145155145057	7.18333992756169	6.80286753256444e-13	2.01981616724899e-11
"374"	"RNU4-2"	22.1096963745441	1.47192609140552	0.522220645609997	2.81587432411612	0.00486446915841979	0.0217912033372096
"375"	"AC145422.1"	48.3727938162459	1.15436514359115	0.345624093483535	3.33245591620473	0.000860831071724377	0.00493634806820237
"376"	"PITPNM2"	1683.12731541321	1.07943169899113	0.183066098979915	5.89609888903896	3.72195967620881e-09	6.60213670652667e-08
"377"	"AC145423.3"	15.9725351252178	1.24241926552776	0.475621988091047	2.59588876416245	0.00943466035810337	0.0379343000877039
"378"	"LINC00544"	18.6373407670571	2.45269890508364	0.499498342566019	4.67454405730335	2.94607388915049e-06	3.11952378824957e-05
"379"	"RGCC"	2380.18411733452	1.06025444186605	0.17016696886901	6.23046617169677	4.65049244751943e-10	9.51094383676231e-09
"380"	"ATP7B"	55.5977670793975	1.10051490139815	0.300821457479695	3.65135219811552	0.000260863210853371	0.00174711060768567
"381"	"LINC00402"	636.034721617731	1.0625885046173	0.169129310191663	6.28182073887487	3.34630570227576e-10	6.98365715346851e-09
"382"	"GPR183"	1082.37093376036	1.10554542118177	0.26826224888659	4.12087772073554	3.77431720016582e-05	0.000311654437294782
"383"	"GAS6"	173.974460185421	2.16492233844347	0.212835668639023	10.1384207486925	3.73082052854895e-24	2.41916884306044e-22
"384"	"LINC00565"	435.470331280301	2.073814405567	0.297032605543302	6.97505347510341	3.05754494101343e-12	8.33750792072691e-11
"385"	"C13orf46"	124.200526542297	1.40117709124592	0.310027963354197	4.513605063767	6.3734853386861e-06	6.28530690470225e-05
"386"	"RASA3"	7670.34943610691	1.27061851225395	0.129456560350241	9.81485612272826	9.7176515134321e-23	5.60731629590541e-21
"387"	"RNASE2"	4.29733148464498	1.50187673307315	0.533566153133821	3.20569482167094	0.00134736802890324	0.00722821564592586
"388"	"REM2"	67.2897339175915	1.52683596659078	0.316128954223907	4.81320030397845	1.48532280731308e-06	1.68209337547816e-05
"389"	"CEBPE"	44.4045901915397	1.04949244818765	0.349900275877366	2.99344538678831	0.00275846872385516	0.0134138930569611
"390"	"GZMH"	943.744490294315	1.39222951032314	0.42332570768254	3.29049327706735	0.00100011891630589	0.00560737580952536
"391"	"AKAP6"	38.1201742442961	1.31162433522587	0.390747306703993	3.34529591003615	0.000821948260884788	0.0047386062688178
"392"	"ATL1"	102.700781964136	1.31868105327524	0.270880689815994	4.86178817891287	1.16330068587722e-06	1.34250438677306e-05
"393"	"PELI2"	390.436584530634	1.06206750459636	0.209374300858396	5.07134951308528	3.95004552109823e-07	4.97295341318522e-06
"394"	"AL359220.1"	290.321210358133	1.01019503593477	0.164731198869097	6.13047086671769	8.76193613982258e-10	1.71419190594228e-08
"395"	"LTBP2"	34.1839121409076	1.3788279218899	0.368518842507287	3.72306801242679	0.000196816475732828	0.00136525146028911
"396"	"TC2N"	1780.04604335467	1.40930080771752	0.141843676235863	9.9346467180904	2.94217007959658e-23	1.77703406552083e-21
"397"	"C14orf132"	117.807454319062	1.9115216081252	0.290857400541547	6.55293749486673	5.64161348460821e-11	1.30213812189981e-09
"398"	"LINC02295"	159.591305834738	1.42775798112712	0.280212021162861	5.08976538898737	3.5850679165972e-07	4.5459317702411e-06
"399"	"MIR342"	31.355108221905	1.07579017057441	0.380210253194667	2.81950520689429	0.00480977506407597	0.0215910902853218
"400"	"AMN"	481.449355554279	1.51947327278283	0.220777879608119	6.87949800868091	6.00638375767616e-12	1.58222511268785e-10
"401"	"LINC02298"	54.0229467850027	1.05076553421778	0.301136070384555	3.48304788820567	0.000495739678345372	0.00308453173419771
"402"	"CRIP2"	52.9037367902566	1.52785071731367	0.353835782170392	4.30027988855912	1.70582527963226e-05	0.000152689476091921
"403"	"APBA2"	1458.85385350297	1.0622283441937	0.112108717741677	9.4744123457874	2.68266420607594e-21	1.42888718756594e-19
"404"	"AC010809.2"	52.2413507544929	1.26309901543084	0.321719711019017	3.91504413592868	9.03876718749572e-05	0.000680029562402666
"405"	"C15orf62"	37.6599461633064	1.05559720509118	0.385929847570989	2.72737181586591	0.0063841056727547	0.0274324115211366
"406"	"PLA2G4B"	142.505890309143	1.02657285526771	0.246988281918904	4.15357096088747	3.27326642715706e-05	0.000274965725692033
"407"	"STRC"	18.8430191874996	1.18432898887458	0.44553203058303	2.64325578378264	0.00821129776419226	0.0339809265853062
"408"	"NEIL1"	140.664666019144	1.30216921504716	0.243529778996628	5.34089828284519	9.24871423113377e-08	1.30695387400307e-06
"409"	"AC105020.5"	19.5163520936678	1.07954130256675	0.432187662955829	2.48582950702564	0.0129249870651227	0.0491159641745589
"410"	"HYKK"	73.8495239314278	1.19736564943794	0.322598555721806	3.70569050878875	0.000210815599789552	0.00145196904039781
"411"	"AC048382.6"	43.2555725343211	1.1535365570698	0.333197653037051	3.45349539469397	0.000553371751986578	0.00338553850663167
"412"	"MFGE8"	1873.98756340245	1.75456482114703	0.188927801673026	9.28565038072647	1.60722558916828e-20	8.20023413757751e-19
"413"	"RHBDL1"	36.830331124226	1.03989057526244	0.365280510889189	2.83916163175603	0.00452322388729186	0.0205137461349274
"414"	"FBXL16"	702.824219784484	1.9234741606025	0.144128550437391	13.3386083830446	1.38011823309792e-40	1.74887139237271e-38
"415"	"HAGHL"	735.249109947648	1.11045625208507	0.269834531604497	4.11496092190874	3.87245014941763e-05	0.000318859594910947
"416"	"SOX8"	259.248905384538	1.03669900817821	0.323816923046014	3.20071871621408	0.00137085284823972	0.00733391142982109
"417"	"BAIAP3"	434.932368103449	1.64750827984159	0.191691373314922	8.58969246958827	8.72024131699403e-18	3.7239656091163e-16
"418"	"TMEM204"	4450.06195827554	1.14925663923438	0.161137837218705	7.13197856108702	9.89362877798361e-13	2.86295036936636e-11
"419"	"LINC00921"	319.81278361684	1.17309587692286	0.170545413661141	6.87595546575078	6.15757359534119e-12	1.6198512464922e-10
"420"	"AJ003147.3"	105.424674179232	1.14945988131073	0.247931018009773	4.63107964709403	3.63763896583121e-06	3.77955757071466e-05
"421"	"AC009133.3"	273.839822470883	1.08980500240506	0.218663140095997	4.9819544933198	6.29452396571925e-07	7.6273894154603e-06
"422"	"PRRT2"	38.0732868509461	1.20772620861536	0.350238087479992	3.43669803040577	0.000588851711061699	0.00356436371341374
"423"	"SLC5A2"	46.1825277141282	2.06184121516311	0.346069723473127	5.89288562400838	3.79509102218207e-09	6.72570610037165e-08
"424"	"PLLP"	85.1998997370948	2.43170878802154	0.303687959589573	7.93421601290784	2.11829130798661e-15	7.79306107765549e-14
"425"	"AC009118.3"	130.630033018737	1.17082731102989	0.25200019740459	4.64172958971442	3.45504833127903e-06	3.59755515826197e-05
"426"	"DPEP3"	65.7850349228604	1.06804222951299	0.280990381639497	3.79509533985009	0.000147586731028159	0.00105704157413149
"427"	"DPEP2"	3487.73224485591	1.71296520898821	0.170393969634612	10.0522488026641	8.97945206220656e-24	5.61592311555035e-22
"428"	"C16orf74"	377.232365250723	2.78473064079595	0.257577270877971	10.7815188322813	4.20878225244084e-27	3.15057414325572e-25
"429"	"AC018695.6"	73.877120443033	2.60391239690614	0.3304583976554	7.77488260680844	7.55174053183462e-15	2.63332995379873e-13
"430"	"LINC00304"	69.3861186320294	1.11963710235589	0.277520154805065	4.02782949626852	5.62941432953262e-05	0.000448042220939977
"431"	"VPS9D1"	645.297148267829	1.0130339673644	0.160270250767438	6.32002066355837	2.61528329494189e-10	5.54154235216757e-09
"432"	"SERPINF1"	338.21616578659	1.42989069833003	0.288219981055033	4.95935519666397	7.07275444518278e-07	8.49080886583305e-06
"433"	"ARRB2"	6087.68390585651	1.12349332865033	0.113727732492792	9.87863885640579	5.15280457079009e-23	3.02735075813571e-21
"434"	"CXCL16"	96.4410316774138	1.62954561287767	0.339313647290812	4.78979475597923	1.66951990601039e-06	1.8688598116472e-05
"435"	"CHRNE"	76.2803260933776	1.21653195826681	0.330898636940697	3.67163008540413	0.000241008351525215	0.00163094936103695
"436"	"ALOXE3"	11.108147273959	1.53106017730482	0.506645068658693	2.96618814129192	0.00301515977419384	0.0144457050232825
"437"	"TMEM220"	165.322126903205	1.00652366791146	0.292364613842714	3.4412886560333	0.000578950548876606	0.0035143059616843
"438"	"UNC45B"	48.2113551415981	1.97624514975056	0.343485319477138	5.7008020898441	1.19245013178076e-08	1.95594104525935e-07
"439"	"AC022706.1"	265.891229753048	1.60241090152645	0.183751631522141	8.71238664456789	2.97542791609629e-18	1.32008229833581e-16
"440"	"AC015911.6"	91.8960122581141	1.86283462039301	0.29958754952724	6.19495958737019	5.82999866709129e-10	1.16527849646975e-08
"441"	"RASL10B"	48.927388903756	2.08805132969662	0.431301807374199	4.79999658536687	1.58668335693914e-06	1.78541015231202e-05
"442"	"GAS2L2"	7.78018109442028	1.52612198936158	0.53803230252982	2.76292043394651	0.00572867293990216	0.0250368040831791
"443"	"MMP28"	34.9255008429725	1.75052973392462	0.401773055223777	4.31992986863298	1.56078794801824e-05	0.000140986254522022
"444"	"AC006237.1"	11.3762230129834	1.34114974441443	0.510922022472493	2.59709906772474	0.009401480428766	0.0378244246841492
"445"	"PLXDC1"	884.759889403882	2.64945590871264	0.201304891488188	13.1487201293819	1.7307928715585e-39	2.15106488421642e-37
"446"	"TCAP"	250.461751377024	1.00295364073577	0.199284999327287	5.03099813173062	4.87932903432591e-07	6.05249080726236e-06
"447"	"PNMT"	12.944221661896	1.5633755132746	0.504686609909277	3.04579615070111	0.00232065112741074	0.0115573552679783
"448"	"THRA"	2103.08145079424	1.03394645157934	0.130445288039352	7.92597484038619	2.26363424871179e-15	8.31199636629246e-14
"449"	"P3H4"	180.47443488627	1.09802336998481	0.193230069542631	5.67918568400657	1.35337498702501e-08	2.20497766793621e-07
"450"	"AC003102.1"	323.239380130499	1.23543096601536	0.187264071932511	6.59474537131926	4.25986336163852e-11	1.00109370733876e-09
"451"	"NOG"	2743.9104645931	1.18111928342293	0.179089264412031	6.59487560423563	4.25612573340474e-11	1.00109370733876e-09
"452"	"OR4D1"	114.945224216044	1.12013410480915	0.277853925033452	4.02755632812515	5.63595677682077e-05	0.000448194954835935
"453"	"MPO"	13.65693780917	2.64368831604438	0.552288724167847	4.85015246744269	1.23366608391322e-06	1.41696196889275e-05
"454"	"SEPT4"	59.5005637996826	1.88919846979439	0.325597775299383	5.76363944044567	8.23191806451678e-09	1.38182188255283e-07
"455"	"TEX14"	29.632220116437	1.11646235748731	0.431514623058188	2.58066274917109	0.00986108632041527	0.0393631339469243
"456"	"MARCH10"	9.823102804823	2.26257611432247	0.541746668163994	3.80277435373304	0.000143084670977902	0.00102783460575012
"457"	"AXIN2"	423.350868896536	1.28652200558229	0.220470875219263	5.83338236480055	5.43149043788894e-09	9.41070032259077e-08
"458"	"MAP2K6"	724.977582948689	2.07287815240191	0.183505879327172	11.2890880504857	1.48570127796176e-29	1.25785049681758e-27
"459"	"AC097641.2"	22.1942333689412	1.11056564781947	0.437143994178015	2.53102113739949	0.011373099460841	0.0443041294648957
"460"	"SDK2"	489.184892477499	1.74037275826442	0.287285106189624	6.05505888891873	1.40366305007832e-09	2.65504577706521e-08
"461"	"TTYH2"	349.738417684127	1.12120540872565	0.226876542587627	4.94053731673425	7.79075801300379e-07	9.27238897213736e-06
"462"	"RNF157-AS1"	657.898294230199	1.87472496864541	0.201677274739538	9.2910148432514	1.52824140859544e-20	7.85929560473434e-19
"463"	"ST6GALNAC2"	11.6194654119972	1.64049838368592	0.51223984603347	3.13787009215044	0.00170180282907755	0.00884572473194519
"464"	"AC111182.1"	38.8434460449164	1.40553890635782	0.374537120116251	3.7376137991345	0.000185775013016428	0.00129794809094144
"465"	"TNRC6C-AS1"	3036.47117516951	1.32900454086488	0.122274671679605	10.8685198999425	1.62820747232223e-27	1.24773464321674e-25
"466"	"AC087741.1"	2190.02298884548	1.11492272120798	0.202253166167118	5.51232618281225	3.54121850391114e-08	5.36615665600744e-07
"467"	"SLC26A11"	1909.36156605265	1.14502660739414	0.179788175155377	6.36846100147408	1.90934304902928e-10	4.12690557799104e-09
"468"	"FN3K"	77.4313439923384	1.0197545316545	0.319273430402756	3.19103205365658	0.00141765551367794	0.00755511410093125
"469"	"AC006238.1"	20.0061687655268	1.0925777699176	0.435782636823083	2.49641605372299	0.0125455359033224	0.047889909449422
"470"	"DSC1"	388.753394943375	2.00021516023026	0.30105630022378	6.63837478955422	3.17160594645748e-11	7.61028416954425e-10
"471"	"GTSCR1"	121.776104162867	1.39725666564046	0.307073417136745	4.5447091061504	5.50111722765398e-06	5.49771447472966e-05
"472"	"FGF22"	30.9355807872626	1.03367375117693	0.3972205372012	2.59446687219879	0.00947377429356009	0.0380678831095426
"473"	"GNG7"	296.940425531037	1.21760967375118	0.191032789699726	6.37120301459938	1.87551181573773e-10	4.05830614771463e-09
"474"	"GIPC3"	338.040628112254	1.13664011456713	0.198752244047514	5.71710023280658	1.08357207488777e-08	1.78794003301481e-07
"475"	"TBXA2R"	363.399641577144	1.50629376026947	0.207744213105871	7.24650295723848	4.27669846158686e-13	1.29557234020697e-11
"476"	"CACTIN-AS1"	52.9932020491277	1.45368852257378	0.312800067100292	4.62991323640261	3.65818982942286e-06	3.79684070732604e-05
"477"	"TJP3"	427.653259843384	1.43868171505562	0.240816052253173	5.97157130997918	2.34979310835396e-09	4.30196305805162e-08
"478"	"ACER1"	25.8988476776871	1.24309759096014	0.401365592646268	3.08082678049609	0.00206426700802557	0.0104305469772217
"479"	"TUBB4A"	234.996781802287	1.0917328624578	0.204974873899114	5.32424893184544	1.0137100694941e-07	1.42212813511951e-06
"480"	"AC008878.3"	88.6369471495338	1.02719579779489	0.310340328095222	3.3064945517113	0.000944711876416202	0.00534932063666978
"481"	"PRAM1"	107.827621688713	1.20790874888	0.240370271876447	5.01922556262365	5.18802040444755e-07	6.39855849881865e-06
"482"	"ADAMTS10"	1852.38834587862	1.06819197115485	0.246831193588544	4.32742745176559	1.50861011774815e-05	0.000136613418789824
"483"	"OLFM2"	350.499252790908	1.32040368586972	0.219905703003978	6.0019067437604	1.95013703606887e-09	3.60943226517135e-08
"484"	"ZNF491"	93.3746112048404	1.06696991947036	0.26854532186872	3.96932592130184	7.20762403117721e-05	0.000557627353218132
"485"	"PGLYRP2"	7.63955928701697	1.49238577604655	0.535254658591144	2.72439406572257	0.0064419592581158	0.0276320146230861
"486"	"KLF2"	8370.46754151627	1.11864407974604	0.140939133210436	7.9369745544448	2.07172531315489e-15	7.63623771320287e-14
"487"	"RAB3A"	59.9789949371472	1.36213917913898	0.306438436940249	4.43285011766316	9.29955160094618e-06	8.82092497256089e-05
"488"	"AC008736.1"	69.4285999226477	1.13554018954355	0.442102080493073	2.56680036072778	0.0102641687995497	0.0407206271098158
"489"	"AC008555.4"	512.817183436722	1.66032219129338	0.154605537831739	10.7335964885018	7.07863887024402e-27	5.21827568122779e-25
"490"	"DMKN"	36.5118518164054	1.1297263607631	0.441217543262283	2.55495458053761	0.0106201654831387	0.041876922767484
"491"	"CAPN12"	172.829534762857	1.04523415407268	0.218330069622588	4.78521240155501	1.70806604957034e-06	1.90870228063803e-05
"492"	"CYP2T1P"	28.8862094844447	1.67374263415614	0.411089527444102	4.03381757385746	5.48779281179272e-05	0.000438029341436959
"493"	"B3GNT8"	38.6710418815724	1.13373860326098	0.368327450206093	3.06961339202358	0.00214336024784854	0.0107908253662133
"494"	"AC010616.1"	357.837036747489	1.00342417256482	0.22078092675012	4.5439828386878	5.52011539563504e-06	5.51385869606245e-05
"495"	"NKPD1"	24.0098193927391	1.28784378742742	0.442777637004551	2.89618260836071	0.00377732527044823	0.0175160924045564
"496"	"PPM1N"	181.693371227226	1.50373162613483	0.206518144888242	7.27306783259675	3.51413744327171e-13	1.07125938286402e-11
"497"	"C5AR2"	11.4901381493076	1.76922314223587	0.527343617553925	3.26971728272087	0.00107655021743245	0.00597200446797718
"498"	"DBP"	1563.07646274948	1.47772927825761	0.115664990372664	12.7743720998183	2.27980055502529e-37	2.63099840243038e-35
"499"	"CPT1C"	23.5631641588963	1.33450370337085	0.426055315278569	3.11015701588566	0.00186987916111808	0.00956801720130834
"500"	"AC010624.3"	38.8685708611748	1.20338658198163	0.362044021543222	3.31481002774787	0.000917054244931854	0.00521556107384535
"501"	"NAPSA"	106.246385342977	1.43759311602786	0.38259765833612	3.75200526422792	0.000175425779838472	0.00123274919155792
"502"	"SIGLEC9"	54.7206390506711	1.09250878716269	0.375938474635038	2.90081750055608	0.00372190573216036	0.0173087810830235
"503"	"SIGLEC17P"	33.1819209874568	1.60655022895895	0.530490084101493	3.0414989208881	0.0023540340913838	0.0116905770911243
"504"	"LAIR1"	286.273984481439	1.23710712082834	0.240795777633169	5.13559741551875	2.81249147287179e-07	3.63523897840255e-06
"505"	"AC012313.3"	45.7167574721393	1.41229433751191	0.334816451930918	4.20212486004416	2.64421211071449e-05	0.000226140204686955
"506"	"RTN4R"	153.040826645206	1.56109054828167	0.217813107538513	7.15578019892316	8.31983608559177e-13	2.4256388274805e-11
"507"	"TMEM191A"	96.9619409939755	1.02095502474011	0.248162391647769	4.11071521623642	3.94435441697079e-05	0.000323901496976831
"508"	"P2RX6"	33.9717580252093	1.09361157021072	0.382321616641528	2.85406519632493	0.00431636722175057	0.0196814975765052
"509"	"YPEL1"	498.092142361134	1.27600210065775	0.205715161529431	6.20122014296268	5.60270778254098e-10	1.12681844904465e-08
"510"	"AC244157.2"	72.4210565955758	1.40905825976829	0.463979286602316	3.03648595075101	0.00239353262778873	0.0118533360376929
"511"	"MMP11"	14.106023728229	1.2798396281254	0.475595029137521	2.66740818834313	0.00764387709408303	0.0319808996763232
"512"	"SGSM1"	48.6166911541603	1.15435566487176	0.356604099515059	3.22987752261786	0.00123843258431134	0.00672381152187851
"513"	"MIAT"	6487.96165504269	1.77883284817962	0.130836865726644	13.5952554461581	4.27266311061961e-42	5.87506328997823e-40
"514"	"CASTOR1"	63.5701794642032	1.13364469144466	0.294865093114802	3.83839649515889	0.000123840396695273	0.000902298989525724
"515"	"SUN2"	31554.9623553627	1.05382868545585	0.113821079564592	9.25861921511899	2.07092879404447e-20	1.04560331924308e-18
"516"	"AL021707.8"	158.006090162494	1.17231609879228	0.227159165625003	5.15656450558755	2.51521860770269e-07	3.27502070961314e-06
"517"	"NPTXR"	557.625814339388	1.09270393700359	0.178105098501659	6.13421974578094	8.55781606672841e-10	1.6776434570448e-08
"518"	"PDGFB"	178.14387690726	1.6669758945507	0.331372001180567	5.0249575040829	5.03544024883507e-07	6.2381543478859e-06
"519"	"SYNGR1"	301.363157115984	1.51183777360439	0.194774093562715	7.75648762505485	8.73138252612006e-15	3.0283371094171e-13
"520"	"AL022326.2"	6.61491193340904	1.41636285296059	0.543985495886652	2.54650112577257	0.0108808860572347	0.0427474405020599
"521"	"CACNA1I"	1200.56092503829	1.89432257449439	0.290914802624913	6.51056209186441	7.48701123107529e-11	1.70975469667948e-09
"522"	"UMODL1"	53.1084968522324	1.40355494466417	0.317788197830894	4.4011834308733	1.07662058829831e-05	0.000101082421142507
